0 1 0
0.1 0.996041 -0.0765085
0.2 0.985305 -0.134942
0.3 0.969727 -0.173279
0.4 0.951286 -0.192641
0.5 0.931708 -0.196797
0.6 0.912254 -0.19116
0.7 0.893598 -0.181865
0.8 0.875794 -0.175174
0.9 0.858276 -0.177067
1 0.839919 -0.192719
1.1 0.81915 -0.225748
1.2 0.794144 -0.277431
1.3 0.763084 -0.346378
1.4 0.72441 -0.429012
1.5 0.676978 -0.520778
1.6 0.620091 -0.617508
1.7 0.553409 -0.716318
1.8 0.47681 -0.815672
1.9 0.390287 -0.914635
2 0.293947 -1.01161
2.1 0.18815 -1.10294
2.2 0.0737592 -1.18214
2.3 -0.047578 -1.2403
2.4 -0.173292 -1.26834
2.5 -0.300038 -1.26043
2.6 -0.424179 -1.21683
2.7 -0.542432 -1.14422
2.8 -0.652407 -1.05313
2.9 -0.752801 -0.95419
3 -0.843242 -0.855005
3.1 -0.923917 -0.759114
3.2 -0.995178 -0.666516
3.3 -1.05726 -0.575093
3.4 -1.11015 -0.4822
3.5 -1.15359 -0.386086
3.6 -1.18726 -0.286958
3.7 -1.21097 -0.18744
3.8 -1.22489 -0.0921983
3.9 -1.22973 -0.00669079
4 -1.22671 0.0645261
4.1 -1.21738 0.119219
4.2 -1.2034 0.158053
4.3 -1.18619 0.184262
4.4 -1.1668 0.202801
4.5 -1.1457 0.219455
4.6 -1.12278 0.240096
4.7 -1.09737 0.270016
4.8 -1.06833 0.313219
4.9 -1.03421 0.371695
5 -0.993489 0.445005
5.1 -0.9448 0.530505
5.2 -0.887113 0.624278
5.3 -0.8198 0.722433
5.4 -0.742576 0.822169
5.5 -0.655359 0.922163
5.6 -0.558143 1.02216
5.7 -0.450935 1.12188
5.8 -0.33383 1.21959
5.9 -0.20723 1.31074
6 -0.0721615 1.38741
6.1 0.0694312 1.43949
6.2 0.2146 1.45769
6.3 0.359679 1.4375
6.4 0.500902 1.38167
6.5 0.635129 1.29947
6.6 0.760327 1.20313
6.7 0.875651 1.1035
6.8 0.981154 1.00744
6.9 1.07734 0.917246
7 1.16476 0.831683
7.1 1.24373 0.747621
7.2 1.31422 0.661571
7.3 1.37589 0.57099
7.4 1.42824 0.475219
7.5 1.47081 0.375902
7.6 1.50342 0.276681
7.7 1.5263 0.182147
7.8 1.54014 0.0963757
7.9 1.54595 0.0216411
8 1.54484 -0.0422137
8.1 1.53779 -0.0976322
8.2 1.52546 -0.148673
8.3 1.50804 -0.200135
8.4 1.48526 -0.256667
8.5 1.45642 -0.321917
8.6 1.42052 -0.397789
8.7 1.37651 -0.484009
8.8 1.32345 -0.578281
8.9 1.2607 -0.677095
9 1.188 -0.776951
9.1 1.10536 -0.875495
9.2 1.01296 -0.972107
9.3 0.91097 -1.06777
9.4 0.799383 -1.16425
9.5 0.678047 -1.26283
9.6 0.546771 -1.36265
9.7 0.40562 -1.45922
9.8 0.255319 -1.54387
9.9 0.0976306 -1.60498
10 -0.0645183 -1.63157
10.1 -0.227328 -1.61788
10.2 -0.386818 -1.56623
10.3 -0.539624 -1.48622
10.4 -0.683545 -1.39066
10.5 -0.817625 -1.29098
10.6 -0.941849 -1.19435
10.7 -1.05668 -1.10325
10.8 -1.16265 -1.01661
10.9 -1.26005 -0.931427
11 -1.34887 -0.844427
11.1 -1.4288 -0.753249
11.2 -1.49936 -0.657298
11.3 -1.56014 -0.558025
11.4 -1.61096 -0.458545
11.5 -1.65197 -0.362621
11.6 -1.68371 -0.273393
11.7 -1.70693 -0.192339
11.8 -1.72243 -0.11884
11.9 -1.73087 -0.0503983
12 -1.73256 0.0166831
12.1 -1.72744 0.0864268
12.2 -1.71507 0.162252
12.3 -1.69472 0.246121
12.4 -1.66557 0.337961
12.5 -1.62693 0.435604
12.6 -1.57838 0.535434
12.7 -1.5199 0.633564
12.8 -1.45182 0.727136
12.9 -1.37466 0.8152
13 -1.28893 0.898931
13.1 -1.19492 0.981199
13.2 -1.09262 1.06565
13.3 -0.981616 1.15539
13.4 -0.861321 1.25146
13.5 -0.731198 1.3511
13.6 -0.591227 1.44677
13.7 -0.442364 1.52679
13.8 -0.286822 1.57838
13.9 -0.127956 1.59226
14 0.0302956 1.56645
14.1 0.184198 1.50675
14.2 0.330869 1.42373
14.3 0.468537 1.32836
14.4 0.596407 1.22877
14.5 0.714297 1.12918
14.6 0.822277 1.03055
14.7 0.920414 0.93214
14.8 1.00868 0.832968
14.9 1.08698 0.733059
15 1.15532 0.634035
15.1 1.21392 0.538992
15.2 1.26337 0.45166
15.3 1.30462 0.375172
15.4 1.33882 0.31095
15.5 1.36719 0.258172
15.6 1.39074 0.213904
15.7 1.41011 0.173695
15.8 1.42544 0.132355
15.9 1.43637 0.0847717
16 1.44205 0.0267718
16.1 1.44129 -0.0440057
16.2 1.43282 -0.127441
16.3 1.41547 -0.220854
16.4 1.38846 -0.319757
16.5 1.3515 -0.419269
16.6 1.30472 -0.515637
16.7 1.24853 -0.60725
16.8 1.18341 -0.694841
16.9 1.10962 -0.78096
17 1.02715 -0.868934
17.1 0.935674 -0.961489
17.2 0.834677 -1.05916
17.3 0.723771 -1.15878
17.4 0.603105 -1.25273
17.5 0.473784 -1.32988
17.6 0.338079 -1.37867
17.7 0.199266 -1.39126
17.8 0.0610836 -1.36649
17.9 -0.0729657 -1.30994
18 -0.200157 -1.23101
18.1 -0.318742 -1.13921
18.2 -0.427811 -1.04161
18.3 -0.527005 -0.942121
18.4 -0.616225 -0.842258
18.5 -0.695462 -0.742556
18.6 -0.764769 -0.643899
18.7 -0.824345 -0.548415
18.8 -0.874674 -0.459615
18.9 -0.916632 -0.381721
19 -0.951507 -0.31843
19.1 -0.980873 -0.271665
19.2 -1.00638 -0.240886
19.3 -1.02949 -0.223169
19.4 -1.05129 -0.213824
19.5 -1.07234 -0.20714
19.6 -1.0926 -0.197027
19.7 -1.11144 -0.177593
19.8 -1.12764 -0.143866
19.9 -1.13962 -0.092718
20 -1.14559 -0.0237309
20.1 -1.14386 0.0605155
20.2 -1.13314 0.155138
20.3 -1.11267 0.254489
20.4 -1.08224 0.353878
20.5 -1.04199 0.450765
20.6 -0.99218 0.545018
20.7 -0.933015 0.638329
20.8 -0.864466 0.733056
20.9 -0.786302 0.830736
21 -0.698244 0.930501
21.1 -0.600277 1.02783
21.2 -0.493034 1.11437
21.3 -0.378119 1.17949
21.4 -0.258176 1.21363
21.5 -0.136601 1.21181
21.6 -0.016971 1.17551
21.7 0.0975758 1.11157
21.8 0.204726 1.0291
21.9 0.303057 0.936369
22 0.391851 0.839066
22.1 0.470821 0.740227
22.2 0.539893 0.641278
22.3 0.599111 0.543401
22.4 0.648676 0.448684
22.5 0.689069 0.360633
22.6 0.721178 0.283825
22.7 0.746361 0.222781
22.8 0.766365 0.180544
22.9 0.783119 0.157646
23 0.79847 0.151925
23.1 0.813935 0.159095
23.2 0.830534 0.173605
23.3 0.848697 0.189329
23.4 0.868231 0.19997
23.5 0.888317 0.199407
23.6 0.907558 0.182312
23.7 0.924105 0.145124
23.8 0.935883 0.0870711
23.9 0.940901 0.0105871
24 0.93755 -0.0793425
24.1 0.924784 -0.176775
24.2 0.902118 -0.27662
24.3 0.869483 -0.375867
24.4 0.82699 -0.473817
24.5 0.774731 -0.571425
24.6 0.71267 -0.670038
24.7 0.64068 -0.769854
24.8 0.558735 -0.868445
24.9 0.467225 -0.959884
25 0.367295 -1.0352
25.1 0.261053 -1.08459
25.2 0.151492 -1.10077
25.3 0.0420798 -1.08182
25.4 -0.0638283 -1.03176
25.5 -0.163498 -0.958531
25.6 -0.255057 -0.870899
25.7 -0.337436 -0.775897
25.8 -0.41014 -0.6779
25.9 -0.472991 -0.579109
26 -0.525976 -0.480782
26.1 -0.569216 -0.384575
26.2 -0.603059 -0.293461
26.3 -0.628225 -0.21187
26.4 -0.645922 -0.14491
26.5 -0.657843 -0.0969283
26.6 -0.666016 -0.0700869
26.7 -0.672544 -0.063653
26.8 -0.679318 -0.0742648
26.9 -0.687797 -0.096826
27 -0.698885 -0.125425
27.1 -0.712877 -0.153875
27.2 -0.729446 -0.17592
27.3 -0.747642 -0.185437
27.4 -0.765933 -0.177033
27.5 -0.782326 -0.147079
27.6 -0.7946 -0.0947999
27.7 -0.800621 -0.0226948
27.8 -0.798645 0.064174
27.9 -0.787495 0.159827
28 -0.76656 0.259161
28.1 -0.735646 0.359084
28.2 -0.694758 0.458629
28.3 -0.643921 0.558172
28.4 -0.583109 0.658096
28.5 -0.512323 0.757253
28.6 -0.431811 0.851691
28.7 -0.342377 0.934266
28.8 -0.245661 0.995776
28.9 -0.144216 1.02765
29 -0.041285 1.02516
29.1 0.0596953 0.989286
29.2 0.155659 0.926145
29.3 0.244302 0.844326
29.4 0.324175 0.751925
29.5 0.39453 0.654701
29.6 0.455063 0.555818
29.7 0.505688 0.456745
29.8 0.546442 0.358622
29.9 0.577511 0.263518
30 0.599367 0.175108
30.1 0.612924 0.098458
30.2 0.61963 0.0388896
30.3 0.621407 0.000355931
30.4 0.620449 -0.0158714
30.5 0.618921 -0.0115698
30.6 0.618681 0.00905572
30.7 0.621092 0.0404405
30.8 0.626927 0.0765348
30.9 0.636351 0.111191
31 0.648911 0.138228
31.1 0.66354 0.151601
31.2 0.678597 0.146034
31.3 0.691997 0.118125
31.4 0.701457 0.0674079
31.5 0.704807 -0.00334086
31.6 0.700292 -0.0889501
31.7 0.686719 -0.183548
31.8 0.663448 -0.282257
31.9 0.630231 -0.382143
32 0.587017 -0.482137
32.1 0.533804 -0.582115
32.2 0.470612 -0.681495
32.3 0.397604 -0.777783
32.4 0.315333 -0.865606
32.5 0.225032 -0.9369
32.6 0.128806 -0.982702
32.7 0.0295779 -0.996146
32.8 -0.0692685 -0.975216
32.9 -0.164435 -0.923564
33 -0.253212 -0.848873
33.1 -0.333735 -0.759862
33.2 -0.404949 -0.663683
33.3 -0.466383 -0.564769
33.4 -0.517881 -0.465158
33.5 -0.55942 -0.365693
33.6 -0.591059 -0.267445
33.7 -0.613028 -0.172856
33.8 -0.625891 -0.0861652
33.9 -0.630708 -0.0128782
34 -0.629095 0.0416574
34.1 -0.623122 0.073955
34.2 -0.615066 0.0835349
34.3 -0.60709 0.0729797
34.4 -0.600983 0.0470637
34.5 -0.597995 0.0116198
34.6 -0.598774 -0.0272447
34.7 -0.603354 -0.0634096
34.8 -0.611161 -0.0907498
34.9 -0.621011 -0.103346
35 -0.631169 -0.0962095
35.1 -0.639493 -0.0664123
35.2 -0.643695 -0.0140451
35.3 -0.641653 0.0576918
35.4 -0.631686 0.143524
35.5 -0.612669 0.237808
35.6 -0.583995 0.336057
35.7 -0.545415 0.43563
35.8 -0.496862 0.535422
35.9 -0.438343 0.634801
36 -0.369965 0.732178
36.1 -0.292098 0.823711
36.2 -0.205637 0.902757
36.3 -0.112251 0.960708
36.4 -0.0144766 0.989371
36.5 0.084481 0.984019
36.6 0.181212 0.945438
36.7 0.272656 0.879605
36.8 0.356515 0.795231
36.9 0.431367 0.70069
37 0.496517 0.601951
37.1 0.551723 0.502095
37.2 0.596933 0.402111
37.3 0.632149 0.302294
37.4 0.657429 0.203663
37.5 0.673011 0.108973
37.6 0.679509 0.0229033
37.7 0.678072 -0.0487548
37.8 0.670418 -0.100723
37.9 0.658691 -0.129956
38 0.645184 -0.1366
38.1 0.632022 -0.123803
38.2 0.620902 -0.0966988
38.3 0.612959 -0.0612763
38.4 0.608719 -0.0236942
38.5 0.608088 0.00991211
38.6 0.610365 0.0334621
38.7 0.614253 0.0412478
38.8 0.617935 0.0287577
38.9 0.61925 -0.00622131
39 0.615965 -0.0628516
39.1 0.606079 -0.137447
39.2 0.588054 -0.224697
39.3 0.560895 -0.319324
39.4 0.524078 -0.417366
39.5 0.477386 -0.516551
39.6 0.420767 -0.615738
39.7 0.354276 -0.713725
39.8 0.278148 -0.807844
39.9 0.193005 -0.892918
40 0.100121 -0.961242
40.1 0.00160818 -1.00411
40.2 -0.0996152 -1.01463
40.3 -0.200159 -0.990623
40.4 -0.2967 -0.935629
40.5 -0.386513 -0.85755
40.6 -0.46775 -0.765581
40.7 -0.539424 -0.667343
40.8 -0.601167 -0.56744
40.9 -0.652917 -0.467596
41 -0.694688 -0.367806
41.1 -0.726471 -0.267844
41.2 -0.748279 -0.168645
41.3 -0.760321 -0.0731682
41.4 -0.763201 0.0136169
41.5 -0.758087 0.0857591
41.6 -0.746714 0.138081
41.7 -0.731227 0.167866
41.8 -0.713878 0.175664
41.9 -0.696714 0.164945
42 -0.68133 0.141024
42.1 -0.668747 0.109983
42.2 -0.659363 0.078055
42.3 -0.652959 0.0514189
42.4 -0.648702 0.0360671
42.5 -0.645189 0.0373375
42.6 -0.640551 0.0590169
42.7 -0.632659 0.102361
42.8 -0.61941 0.165653
42.9 -0.599 0.244751
43 -0.570107 0.334454
43.1 -0.531916 0.430033
43.2 -0.484017 0.528182
43.3 -0.426256 0.627044
43.4 -0.358624 0.725407
43.5 -0.281251 0.821402
43.6 -0.194546 0.911198
43.7 -0.0994312 0.988313
43.8 0.00240983 1.04424
43.9 0.108428 1.07066
44 0.215382 1.06256
44.1 0.319801 1.02054
44.2 0.418563 0.950826
44.3 0.509355 0.862767
44.4 0.590815 0.765548
44.5 0.662382 0.6657
44.6 0.723975 0.566337
44.7 0.775679 0.467824
44.8 0.817535 0.369176
44.9 0.849482 0.269609
45 0.871447 0.169848
45.1 0.883541 0.0728622
45.2 0.886279 -0.0162959
45.3 0.880743 -0.0916508
45.4 0.868583 -0.148109
45.5 0.851842 -0.183097
45.6 0.832661 -0.197283
45.7 0.812965 -0.194178
45.8 0.794226 -0.179102
45.9 0.77734 -0.158172
46 0.762576 -0.137685
46.1 0.749581 -0.123821
46.2 0.737398 -0.122327
46.3 0.724544 -0.137891
46.4 0.709156 -0.173247
46.5 0.689229 -0.228453
46.6 0.662889 -0.30087
46.7 0.628629 -0.38605
46.8 0.585416 -0.479169
46.9 0.532664 -0.576296
47 0.470108 -0.674947
47.1 0.39767 -0.773734
47.2 0.315399 -0.871323
47.3 0.22353 -0.965068
47.4 0.122679 -1.04988
47.5 0.0141083 -1.11801
47.6 -0.100064 -1.16045
47.7 -0.216869 -1.16975
47.8 -0.332812 -1.14327
47.9 -0.444443 -1.08462
48 -0.548949 -1.00245
48.1 -0.644498 -0.907148
48.2 -0.730237 -0.80746
48.3 -0.806022 -0.70858
48.4 -0.872036 -0.612063
48.5 -0.928481 -0.516912
48.6 -0.975396 -0.421134
48.7 -1.01264 -0.323256
48.8 -1.03998 -0.223545
48.9 -1.05737 -0.124648
49 -1.0651 -0.0313719
49.1 -1.06402 0.0504961
49.2 -1.05555 0.115944
49.3 -1.04148 0.162326
49.4 -1.02371 0.190076
49.5 -1.00398 0.20241
49.6 -0.983574 0.204407
49.7 -0.963241 0.202058
49.8 -0.9431 0.201576
49.9 -0.922664 0.208909
50 -0.900885 0.229182
50.1 -0.876274 0.265958
50.2 -0.847097 0.320506
50.3 -0.811621 0.391502
50.4 -0.768361 0.475502
50.5 -0.716234 0.568114
50.6 -0.654587 0.665335
50.7 -0.583107 0.764426
50.8 -0.501687 0.863985
50.9 -0.41032 0.963217
51 -0.3091 1.06067
51.1 -0.198357 1.15285
51.2 -0.0789173 1.2333
51.3 0.0476137 1.29305
51.4 0.178687 1.32275
51.5 0.310945 1.31619
51.6 0.440705 1.27334
51.7 0.564619 1.20084
51.8 0.680246 1.10952
51.9 0.786268 1.01042
52 0.882344 0.911574
52.1 0.968724 0.816791
52.2 1.04584 0.726112
52.3 1.11401 0.637254
52.4 1.17325 0.547198
52.5 1.22333 0.453622
52.6 1.26384 0.356008
52.7 1.29445 0.256215
52.8 1.31514 0.158295
52.9 1.32635 0.0674399
53 1.32903 -0.0116064
53.1 1.32452 -0.0760454
53.2 1.31431 -0.125803
53.3 1.29976 -0.16342
53.4 1.28189 -0.193332
53.5 1.26117 -0.220977
53.6 1.23758 -0.251975
53.7 1.2105 -0.291384
53.8 1.17889 -0.342946
53.9 1.14144 -0.408399
54 1.09677 -0.487124
54.1 1.04366 -0.576433
54.2 0.981254 -0.672533
54.3 0.909052 -0.771788
54.4 0.826875 -0.87175
54.5 0.734711 -0.971505
54.6 0.632575 -1.07125
54.7 0.520452 -1.1712
54.8 0.398364 -1.27015
54.9 0.266588 -1.36397
55 0.125993 -1.44498
55.1 -0.0216344 -1.50279
55.2 -0.173449 -1.52732
55.3 -0.325791 -1.51296
55.4 -0.474792 -1.46147
55.5 -0.617138 -1.38175
55.6 -0.750618 -1.28627
55.7 -0.874258 -1.18661
55.8 -0.988062 -1.09041
55.9 -1.09256 -1.00055
56 -1.18836 -0.916113
56.1 -1.27586 -0.834004
56.2 -1.35511 -0.750526
56.3 -1.42582 -0.662711
56.4 -1.48746 -0.569285
56.5 -1.53951 -0.471177
56.6 -1.58164 -0.371364
56.7 -1.61387 -0.274
56.8 -1.63666 -0.183077
56.9 -1.65079 -0.101134
57 -1.6572 -0.0285122
57.1 -1.65674 0.0366503
57.2 -1.65 0.0978612
57.3 -1.63716 0.159427
57.4 -1.61796 0.225537
57.5 -1.59179 0.299381
57.6 -1.55778 0.382402
57.7 -1.51502 0.47393
57.8 -1.46279 0.571398
57.9 -1.40066 0.671218
58 -1.32858 0.770023
58.1 -1.24676 0.865773
58.2 -1.15554 0.958315
58.3 -1.05516 1.04923
58.4 -0.945658 1.14109
58.5 -0.826828 1.23617
58.6 -0.698298 1.33491
58.7 -0.55982 1.43424
58.8 -0.411676 1.52659
58.9 -0.255114 1.60051
59 -0.0926049 1.64369
59.1 0.0723043 1.64765
59.2 0.235578 1.61155
59.3 0.393511 1.54257
59.4 0.543395 1.45268
59.5 0.683756 1.3539
59.6 0.81417 1.25476
59.7 0.934834 1.15922
59.8 1.04614 1.0674
59.9 1.14837 0.977192
60 1.24154 0.885869
60.1 1.32544 0.791444
60.2 1.39971 0.693545
60.3 1.46408 0.593734
60.4 1.5185 0.495118
60.5 1.56327 0.401357
60.6 1.59903 0.315403
60.7 1.62665 0.238492
60.8 1.64701 0.169743
60.9 1.66078 0.106393
61 1.66833 0.0444752
61.1 1.66958 -0.0203199
61.2 1.66405 -0.0917249
61.3 1.65094 -0.172022
61.4 1.62934 -0.261391
61.5 1.59842 -0.357775
61.6 1.55767 -0.457445
61.7 1.50696 -0.5562
61.8 1.44657 -0.650733
61.9 1.37701 -0.739639
62 1.29881 -0.823731
62.1 1.21234 -0.905679
62.2 1.11762 -0.989127
62.3 1.01434 -1.07745
62.4 0.901912 -1.17223
62.5 0.779739 -1.27158
62.6 0.647655 -1.36896
62.7 0.506373 -1.45347
62.8 0.357816 -1.51243
62.9 0.205087 -1.5357
63 0.0519981 -1.51968
63.1 -0.0976682 -1.46849
63.2 -0.240841 -1.3916
63.3 -0.375491 -1.29971
63.4 -0.500573 -1.20134
63.5 -0.615713 -1.10142
63.6 -0.720865 -1.00168
63.7 -0.816052 -0.902047
63.8 -0.901264 -0.802137
63.9 -0.976485 -0.702461
64 -1.04183 -0.60504
64.1 -1.09768 -0.513249
64.2 -1.1448 -0.430945
64.3 -1.18429 -0.361203
64.4 -1.2175 -0.305236
64.5 -1.24576 -0.261916
64.6 -1.2702 -0.227978
64.7 -1.29151 -0.198659
64.8 -1.3099 -0.168442
64.9 -1.32499 -0.131817
65 -1.33589 -0.0840783
65.1 -1.34133 -0.0222144
65.2 -1.33984 0.0543064
65.3 -1.33005 0.143259
65.4 -1.31092 0.240241
65.5 -1.28191 0.340043
65.6 -1.24297 0.438274
65.7 -1.19439 0.532568
65.8 -1.13659 0.622969
65.9 -1.06986 0.711508
66 -0.994245 0.801201
66.1 -0.909489 0.894685
66.2 -0.815154 0.99264
66.3 -0.710899 1.09228
66.4 -0.596873 1.18652
66.5 -0.474126 1.26479
66.6 -0.344829 1.31578
66.7 -0.212155 1.33149
66.8 -0.079774 1.31023
66.9 0.0488163 1.25693
67 0.170842 1.18055
67.1 0.284471 1.09044
67.2 0.388716 0.993796
67.3 0.483155 0.894773
67.4 0.567654 0.795194
67.5 0.642201 0.695864
67.6 0.706871 0.597919
67.7 0.761908 0.503718
67.8 0.807863 0.416983
67.9 0.8457 0.342103
68 0.876807 0.282869
68.1 0.902864 0.241203
68.2 0.925617 0.216485
68.3 0.946627 0.20567
68.4 0.967056 0.203955
68.5 0.987529 0.205548
68.6 1.00807 0.204262
68.7 1.02808 0.194015
68.8 1.04639 0.16946
68.9 1.06137 0.126885
69 1.07113 0.0651827
69.1 1.07383 -0.0136672
69.2 1.06797 -0.105073
69.3 1.05259 -0.203268
69.4 1.02727 -0.303103
69.5 0.992024 -0.401404
69.6 0.947067 -0.497415
69.7 0.892579 -0.592332
69.8 0.828568 -0.688198
69.9 0.754857 -0.786432
70 0.671224 -0.886248
70.1 0.577691 -0.983391
70.2 0.474898 -1.06987
70.3 0.364417 -1.1354
70.4 0.248838 -1.17052
70.5 0.131506 -1.17013
70.6 0.0159652 -1.13539
70.7 -0.0946402 -1.07281
70.8 -0.197968 -0.991338
70.9 -0.292557 -0.899236
71 -0.377657 -0.802284
71.1 -0.45296 -0.703652
71.2 -0.518383 -0.604873
71.3 -0.57397 -0.507208
71.4 -0.619931 -0.41281
71.5 -0.656759 -0.325261
71.6 -0.685368 -0.249252
71.7 -0.707152 -0.189444
71.8 -0.723907 -0.149016
71.9 -0.737626 -0.128593
72 -0.750225 -0.126043
72.1 -0.763289 -0.137074
72.2 -0.777908 -0.156128
72.3 -0.794579 -0.177091
72.4 -0.81318 -0.193671
72.5 -0.83296 -0.199672
72.6 -0.852573 -0.189515
72.7 -0.870186 -0.159179
72.8 -0.883685 -0.107282
72.9 -0.890981 -0.0356791
73 -0.890317 0.0509879
73.1 -0.880481 0.146774
73.2 -0.860841 0.246276
73.3 -0.831221 0.346001
73.4 -0.791676 0.444757
73.5 -0.742284 0.543105
73.6 -0.68303 0.642154
73.7 -0.613822 0.742039
73.8 -0.534667 0.840436
73.9 -0.44597 0.931647
74 -0.348866 1.00696
74.1 -0.245432 1.05675
74.2 -0.13862 1.07369
74.3 -0.0318679 1.05569
74.4 0.071472 1.00649
74.5 0.16865 0.933902
74.6 0.257765 0.846628
74.7 0.337727 0.751778
74.8 0.408021 0.653819
74.9 0.468463 0.555008
75 0.519035 0.456606
75.1 0.55985 0.36023
75.2 0.591244 0.268811
75.3 0.613924 0.186787
75.4 0.629089 0.11936
75.5 0.638437 0.0710566
75.6 0.644022 0.0442468
75.7 0.647988 0.0383712
75.8 0.652288 0.0501663
75.9 0.658443 0.0745729
76 0.667426 0.105697
76.1 0.679602 0.137384
76.2 0.694714 0.163404
76.3 0.711888 0.177602
76.4 0.729652 0.174397
76.5 0.746049 0.149784
76.6 0.758847 0.102464
76.7 0.765847 0.0344281
76.8 0.765198 -0.0495807
76.9 0.755598 -0.143612
77 0.736322 -0.24233
77.1 0.707094 -0.342268
77.2 0.667875 -0.442079
77.3 0.61868 -0.541849
77.4 0.559497 -0.641805
77.5 0.490347 -0.7408
77.6 0.411492 -0.835011
77.7 0.323733 -0.917495
77.8 0.228686 -0.979211
77.9 0.128873 -1.01162
78 0.0275094 -1.00986
78.1 -0.0719782 -0.974703
78.2 -0.166512 -0.91207
78.3 -0.253762 -0.830501
78.4 -0.332256 -0.738147
78.5 -0.401231 -0.640864
78.6 -0.460374 -0.541884
78.7 -0.5096 -0.442669
78.8 -0.548934 -0.344277
78.9 -0.578545 -0.248653
79 -0.598874 -0.159364
79.1 -0.610797 -0.0814598
79.2 -0.615729 -0.0203806
79.3 -0.615578 0.019681
79.4 -0.61255 0.0371711
79.5 -0.608848 0.0336344
79.6 -0.60639 0.013144
79.7 -0.606602 -0.0187822
79.8 -0.610327 -0.0561078
79.9 -0.617799 -0.0927062
80 -0.628638 -0.122421
80.1 -0.64185 -0.139178
80.2 -0.655858 -0.137547
80.3 -0.668618 -0.113797
80.4 -0.677845 -0.0670134
80.5 -0.681327 0.00045879
80.6 -0.677225 0.0837164
80.7 -0.664254 0.176909
80.8 -0.641684 0.274971
80.9 -0.609208 0.374672
81 -0.566742 0.474654
81.1 -0.514278 0.574591
81.2 -0.451845 0.673825
81.3 -0.379614 0.769914
81.4 -0.298137 0.857627
81.5 -0.20863 0.929053
81.6 -0.113169 0.975293
81.7 -0.0146496 0.989401
81.8 0.0835576 0.969162
81.9 0.178147 0.918026
82 0.266384 0.843583
82.1 0.34638 0.75459
82.2 0.417063 0.658309
82.3 0.477954 0.559275
82.4 0.528897 0.459553
82.5 0.569867 0.359914
82.6 0.600911 0.26127
82.7 0.622226 0.165867
82.8 0.634327 0.0777943
82.9 0.638213 0.00253836
83 0.635448 -0.0543929
83.1 0.628076 -0.0892061
83.2 0.618376 -0.101073
83.3 0.608553 -0.0922985
83.4 0.600452 -0.0675077
83.5 0.595393 -0.0324891
83.6 0.594092 0.00665018
83.7 0.596656 0.0437944
83.8 0.60258 0.0728283
83.9 0.610752 0.0877981
84 0.619497 0.0835693
84.1 0.626714 0.0569245
84.2 0.63012 0.00757088
84.3 0.627563 -0.0616486
84.4 0.617296 -0.145666
84.5 0.598126 -0.238843
84.6 0.56938 -0.336531
84.7 0.530767 -0.435859
84.8 0.482198 -0.535517
84.9 0.423677 -0.63475
85 0.355312 -0.731962
85.1 0.277473 -0.823399
85.2 0.191039 -0.902552
85.3 0.0976563 -0.960899
85.4 -0.00016783 -0.990209
85.5 -0.0992461 -0.985589
85.6 -0.196165 -0.947604
85.7 -0.287845 -0.882091
85.8 -0.371957 -0.797762
85.9 -0.447057 -0.703108
86 -0.512442 -0.604241
86.1 -0.567873 -0.504326
86.2 -0.613306 -0.404328
86.3 -0.64874 -0.304395
86.4 -0.674211 -0.205314
86.5 -0.689911 -0.109579
86.6 -0.696386 -0.0216799
86.7 -0.694701 0.0526052
86.8 -0.686504 0.107793
86.9 -0.673898 0.140463
87 -0.659176 0.150351
87.1 -0.644496 0.140288
87.2 -0.631619 0.11524
87.3 -0.62175 0.0811542
87.4 -0.615484 0.0442014
87.5 -0.6128 0.0105295
87.6 -0.613065 -0.0137733
87.7 -0.615049 -0.0229541
87.8 -0.616994 -0.0123633
87.9 -0.616776 0.0204646
88 -0.612173 0.0750096
88.1 -0.601161 0.147866
88.2 -0.582161 0.233871
88.3 -0.554127 0.327739
88.4 -0.51649 0.425379
88.5 -0.469008 0.524354
88.6 -0.411617 0.623398
88.7 -0.344366 0.721266
88.8 -0.267487 0.815337
88.9 -0.18159 0.900541
89 -0.0879261 0.969269
89.1 0.0114214 1.01281
89.2 0.113556 1.02416
89.3 0.21509 1.00088
89.4 0.312683 0.946336
89.5 0.403575 0.868382
89.6 0.485891 0.776316
89.7 0.558632 0.677942
89.8 0.621432 0.578016
89.9 0.674245 0.478311
90 0.717099 0.378735
90.1 0.74998 0.278841
90.2 0.772874 0.179247
90.3 0.785924 0.0825781
90.4 0.789643 -0.00643021
90.5 0.785092 -0.081845
90.6 0.773912 -0.138244
90.7 0.758187 -0.172473
90.8 0.740158 -0.184606
90.9 0.721902 -0.177742
91 0.705074 -0.157004
91.1 0.690763 -0.128421
91.2 0.679443 -0.0982426
91.3 0.670961 -0.0726727
91.4 0.664553 -0.0577251
91.5 0.65888 -0.0587862
91.6 0.652128 -0.0797625
91.7 0.64221 -0.122112
91.8 0.627039 -0.184364
91.9 0.604804 -0.26258
92 0.574161 -0.351663
92.1 0.534269 -0.446879
92.2 0.484696 -0.544841
92.3 0.425274 -0.64361
92.4 0.355988 -0.741934
92.5 0.276961 -0.837976
92.6 0.188589 -0.927995
92.7 0.0917724 -1.00561
92.8 -0.0118363 -1.06234
92.9 -0.119714 -1.08976
93 -0.228628 -1.08262
93.1 -0.33509 -1.04129
93.2 -0.435944 -0.97186
93.3 -0.52884 -0.883767
93.4 -0.612393 -0.786406
93.5 -0.686043 -0.686543
93.6 -0.749731 -0.587439
93.7 -0.80357 -0.489461
93.8 -0.847622 -0.391468
93.9 -0.881825 -0.292369
94 -0.906067 -0.192475
94.1 -0.920375 -0.0943253
94.2 -0.925146 -0.00266455
94.3 -0.921322 0.0765844
94.4 -0.910425 0.138069
94.5 -0.894408 0.178727
94.6 -0.875374 0.198672
94.7 -0.855264 0.200977
94.8 -0.8356 0.190709
94.9 -0.817341 0.173895
95 -0.800829 0.156831
95.1 -0.785776 0.145717
95.2 -0.771293 0.146314
95.3 -0.755963 0.163336
95.4 -0.737981 0.19959
95.5 -0.715393 0.255265
95.6 -0.686361 0.327886
95.7 -0.649394 0.41315
95.8 -0.603468 0.506323
95.9 -0.547998 0.603509
96 -0.482717 0.702231
96.1 -0.407546 0.801124
96.2 -0.322527 0.89892
96.3 -0.227879 0.993088
96.4 -0.124192 1.07866
96.5 -0.0126889 1.14794
96.6 0.104548 1.19183
96.7 0.224568 1.20264
96.8 0.343864 1.17738
96.9 0.458946 1.11944
97 0.566947 1.03746
97.1 0.665994 0.942083
97.2 0.755224 0.842365
97.3 0.834511 0.743792
97.4 0.904081 0.648058
97.5 0.964184 0.554126
97.6 1.01489 0.45978
97.7 1.05606 0.363153
97.8 1.08743 0.263991
97.9 1.10884 0.164384
98 1.12044 0.068704
98.1 1.1229 -0.0174158
98.2 1.11745 -0.0887578
98.3 1.10575 -0.142174
98.4 1.08963 -0.177487
98.5 1.07077 -0.197371
98.6 1.05051 -0.206546
98.7 1.02963 -0.21082
98.8 1.0083 -0.21633
98.9 0.986122 -0.228973
99 0.962101 -0.253822
99.1 0.93483 -0.294385
99.2 0.902655 -0.351913
99.3 0.863922 -0.425116
99.4 0.817219 -0.510647
99.5 0.761524 -0.604245
99.6 0.696232 -0.702047
99.7 0.621063 -0.801459
99.8 0.535929 -0.901242
99.9 0.440822 -1.00079
100 0.335815 -1.0989
100.1 0.221195 -1.19229
100.2 0.0977203 -1.27469
100.3 -0.0330766 -1.33709
100.4 -0.168704 -1.36982
100.5 -0.305819 -1.36617
100.6 -0.440694 -1.32555
100.7 -0.569901 -1.25433
100.8 -0.690904 -1.16345
100.9 -0.802323 -1.06439
101 -0.9038 -0.965682
101.1 -0.995617 -0.871511
101.2 -1.07827 -0.782115
101.3 -1.15212 -0.695185
101.4 -1.21728 -0.607475
101.5 -1.2735 -0.516241
101.6 -1.32037 -0.420382
101.7 -1.35746 -0.321098
101.8 -1.38459 -0.221855
101.9 -1.40199 -0.127512
102 -1.41041 -0.0428411
102.1 -1.41099 0.0289824
102.2 -1.40507 0.0873098
102.3 -1.39392 0.134089
102.4 -1.37851 0.173269
102.5 -1.35935 0.209938
102.6 -1.33642 0.249455
102.7 -1.3092 0.29665
102.8 -1.27672 0.355034
102.9 -1.23777 0.426134
103 -1.19109 0.509179
103.1 -1.13562 0.601438
103.2 -1.07062 0.699193
103.3 -0.995716 0.799003
103.4 -0.910825 0.898694
103.5 -0.816001 0.997704
103.6 -0.711287 1.09666
103.7 -0.596645 1.19629
103.8 -0.472021 1.29601
103.9 -0.337552 1.3923
104 -0.193914 1.47788
104.1 -0.0426822 1.54228
104.2 0.11347 1.5747
104.3 0.270948 1.56817
104.4 0.425808 1.5231
104.5 0.574544 1.44751
104.6 0.714707 1.35381
104.7 0.845115 1.2542
104.8 0.965639 1.15714
104.9 1.07676 1.06631
105 1.1791 0.981288
105.1 1.27311 0.899225
105.2 1.35892 0.816427
105.3 1.43627 0.729731
105.4 1.50468 0.637516
105.5 1.5636 0.540261
105.6 1.61264 0.440496
105.7 1.65174 0.342046
105.8 1.68123 0.248784
105.9 1.70176 0.163349
106 1.71418 0.0863521
106.1 1.71927 0.0162656
106.2 1.71756 -0.0500882
106.3 1.70924 -0.116724
106.4 1.69407 -0.187575
106.5 1.67148 -0.265587
106.6 1.64067 -0.351978
106.7 1.60083 -0.445873
106.8 1.55134 -0.544543
106.9 1.49189 -0.644311
107 1.42255 -0.741799
107.1 1.34367 -0.83505
107.2 1.25569 -0.924089
107.3 1.15894 -1.0108
107.4 1.0535 -1.09821
107.5 0.939168 -1.18932
107.6 0.815464 -1.28558
107.7 0.681933 -1.3852
107.8 0.538515 -1.48186
107.9 0.386015 -1.56478
108 0.226447 -1.62115
108.1 0.0630272 -1.64056
108.2 -0.100299 -1.61937
108.3 -0.259639 -1.56222
108.4 -0.411896 -1.47972
108.5 -0.555141 -1.38385
108.6 -0.688541 -1.28407
108.7 -0.812005 -1.18562
108.8 -0.925755 -1.08977
108.9 -1.03001 -0.995335
109 -1.1248 -0.900264
109.1 -1.20999 -0.80306
109.2 -1.28534 -0.703712
109.3 -1.35072 -0.604026
109.4 -1.40624 -0.507231
109.5 -1.45238 -0.416963
109.6 -1.48994 -0.336013
109.7 -1.51993 -0.26535
109.8 -1.54332 -0.203765
109.9 -1.56088 -0.14815
110 -1.57301 -0.0941795
110.1 -1.57962 -0.0371534
110.2 -1.58019 0.0271061
110.3 -1.57386 0.101368
110.4 -1.55956 0.186263
110.5 -1.53631 0.28002
110.6 -1.50338 0.378919
110.7 -1.4605 0.478462
110.8 -1.4078 0.574816
110.9 -1.34572 0.665972
111 -1.27477 0.752199
111.1 -1.19537 0.835772
111.2 -1.10759 0.920132
111.3 -1.0112 1.00867
111.4 -0.905655 1.10322
111.5 -0.790395 1.2024
111.6 -0.665208 1.3004
111.7 -0.530693 1.387
111.8 -0.388604 1.44983
111.9 -0.241876 1.47846
112 -0.0942135 1.46841
112.1 0.0506107 1.42275
112.2 0.189435 1.35013
112.3 0.320086 1.26094
112.4 0.441365 1.16386
112.5 0.552777 1.06421
112.6 0.654199 0.964231
112.7 0.745624 0.864269
112.8 0.827052 0.764321
112.9 0.898515 0.665225
113 0.9602 0.569278
113.1 1.01259 0.480078
113.2 1.05657 0.401613
113.3 1.09338 0.336987
113.4 1.12447 0.287325
113.5 1.15131 0.251339
113.6 1.17509 0.225577
113.7 1.1966 0.205084
113.8 1.21609 0.184145
113.9 1.23322 0.156973
114 1.2471 0.118445
114.1 1.25641 0.0649749
114.2 1.25955 -0.00461978
114.3 1.255 -0.088659
114.4 1.24148 -0.18299
114.5 1.21823 -0.282262
114.6 1.18503 -0.381606
114.7 1.14201 -0.478006
114.8 1.08955 -0.570857
114.9 1.02791 -0.661666
115 0.957191 -0.7531
115.1 0.877187 -0.847634
115.2 0.787533 -0.945984
115.3 0.687942 -1.04559
115.4 0.578591 -1.13976
115.5 0.46051 -1.21832
115.6 0.335821 -1.27021
115.7 0.207633 -1.28741
115.8 0.0795724 -1.26792
115.9 -0.0448744 -1.21632
116 -0.162908 -1.14125
116.1 -0.272655 -1.05201
116.2 -0.373084 -0.955848
116.3 -0.463741 -0.857069
116.4 -0.544477 -0.757639
116.5 -0.615277 -0.658475
116.6 -0.67622 -0.5608
116.7 -0.727566 -0.467057
116.8 -0.769889 -0.381075
116.9 -0.804191 -0.307379
117 -0.831909 -0.249906
117.1 -0.854785 -0.210693
117.2 -0.874641 -0.189178
117.3 -0.893112 -0.182322
117.4 -0.911435 -0.185305
117.5 -0.930308 -0.192311
117.6 -0.949824 -0.197124
117.7 -0.969453 -0.193559
117.8 -0.988068 -0.176014
117.9 -1.00405 -0.140333
118 -1.01547 -0.084814
118.1 -1.02039 -0.0108527
118.2 -1.01716 0.0773368
118.3 -1.00464 0.17403
118.4 -0.982257 0.273793
118.5 -0.949905 0.372968
118.6 -0.907728 0.470275
118.7 -0.855889 0.566466
118.8 -0.794414 0.663278
118.9 -0.723167 0.761983
119 -0.641975 0.861812
119.1 -0.550898 0.958672
119.2 -0.450594 1.04482
119.3 -0.342628 1.1102
119.4 -0.229565 1.14546
119.5 -0.114721 1.14544
119.6 -0.00162907 1.11111
119.7 0.106565 1.04884
119.8 0.207504 0.967507
119.9 0.299711 0.875407
120 0.382425 0.778386
120.1 0.455334 0.679657
120.2 0.518351 0.580742
120.3 0.571514 0.482838
120.4 0.615019 0.388017
120.5 0.649337 0.299822
120.6 0.675362 0.222989
120.7 0.694476 0.162333
120.8 0.708485 0.121264
120.9 0.719415 0.100641
121 0.729233 0.0985038
121.1 0.739594 0.110651
121.2 0.751656 0.13156
121.3 0.765995 0.155138
121.4 0.782563 0.175109
121.5 0.800688 0.185245
121.6 0.819092 0.179816
121.7 0.835984 0.154471
121.8 0.849255 0.10734
121.9 0.856765 0.0397566
122 0.856664 -0.044021
122.1 0.847616 -0.138164
122.2 0.828873 -0.237109
122.3 0.800165 -0.33702
122.4 0.761493 -0.436314
122.5 0.712917 -0.535213
122.6 0.654433 -0.634598
122.7 0.585976 -0.734507
122.8 0.507585 -0.832645
122.9 0.419688 -0.923442
123 0.323425 -0.998347
123.1 0.220869 -1.04782
123.2 0.11496 -1.06457
123.3 0.00912919 -1.04638
123.4 -0.0932678 -0.996928
123.5 -0.189471 -0.923977
123.6 -0.277575 -0.836297
123.7 -0.356483 -0.741066
123.8 -0.425689 -0.642787
123.9 -0.485014 -0.543672
124 -0.534433 -0.444851
124.1 -0.57404 -0.34775
124.2 -0.60413 -0.255112
124.3 -0.625354 -0.171275
124.4 -0.638854 -0.101496
124.5 -0.646284 -0.0505362
124.6 -0.649683 -0.02111
124.7 -0.651221 -0.0130007
124.8 -0.652896 -0.023188
124.9 -0.656305 -0.046731
125 -0.662493 -0.0777688
125.1 -0.671904 -0.110154
125.2 -0.684361 -0.13767
125.3 -0.699069 -0.154148
125.4 -0.714632 -0.153911
125.5 -0.729148 -0.132703
125.6 -0.740412 -0.0888337
125.7 -0.746207 -0.0238503
125.8 -0.744623 0.057847
125.9 -0.734275 0.15044
126 -0.714355 0.248502
126.1 -0.684519 0.348323
126.2 -0.644688 0.448268
126.3 -0.594867 0.548178
126.4 -0.53505 0.648123
126.5 -0.465277 0.746898
126.6 -0.385831 0.840718
126.7 -0.297524 0.922724
126.8 -0.201979 0.983952
126.9 -0.101716 1.01588
127 4.67578e-05 1.01358
127.1 0.0998751 0.977781
127.2 0.19468 0.914409
127.3 0.282126 0.832081
127.4 0.360743 0.739061
127.5 0.429783 0.641276
127.6 0.488949 0.541931
127.7 0.538162 0.442345
127.8 0.577436 0.343331
127.9 0.606899 0.246528
128 0.626923 0.155236
128.1 0.638293 0.0743803
128.2 0.642333 0.00950451
128.3 0.640882 -0.0348594
128.4 0.636117 -0.0566904
128.5 0.630262 -0.057095
128.6 0.625289 -0.0398561
128.7 0.6227 -0.0103711
128.8 0.623422 0.0253333
128.9 0.627769 0.0611088
129 0.635441 0.0907917
129.1 0.645521 0.108302
129.2 0.65651 0.108143
129.3 0.666426 0.0863978
129.4 0.673024 0.041841
129.5 0.674096 -0.0235462
129.6 0.667772 -0.105152
129.7 0.652716 -0.197255
129.8 0.628144 -0.294744
129.9 0.593704 -0.394224
130 0.549287 -0.494141
130.1 0.494877 -0.594002
130.2 0.430511 -0.693047
130.3 0.356373 -0.788806
130.4 0.273029 -0.87607
130.5 0.181704 -0.946961
130.6 0.0844821 -0.992583
130.7 -0.0157302 -1.00594
130.8 -0.115547 -0.984789
130.9 -0.211647 -0.932592
131 -0.301286 -0.857056
131.1 -0.38258 -0.7671
131.2 -0.454476 -0.67012
131.3 -0.516525 -0.570683
131.4 -0.568598 -0.470743
131.5 -0.610674 -0.370816
131.6 -0.642778 -0.271446
131.7 -0.665041 -0.174464
131.8 -0.677873 -0.0836138
131.9 -0.682146 -0.00424572
132 -0.679296 0.0579612
132.1 -0.671271 0.0987556
132.2 -0.660311 0.116715
132.3 -0.648634 0.113612
132.4 -0.63815 0.0937404
132.5 -0.630257 0.0627691
132.6 -0.625762 0.026822
132.7 -0.624853 -0.00793382
132.8 -0.627104 -0.0353573
132.9 -0.63148 -0.049493
133 -0.636385 -0.0451745
133.1 -0.639784 -0.0190623
133.2 -0.639448 0.0293657
133.3 -0.633249 0.0975494
133.4 -0.61944 0.180664
133.5 -0.596804 0.273199
133.6 -0.564643 0.370512
133.7 -0.522643 0.469645
133.8 -0.470702 0.569177
133.9 -0.408821 0.66826
134 -0.337117 0.765241
134.1 -0.255965 0.85635
134.2 -0.166257 0.935063
134.3 -0.069651 0.992826
134.4 0.0313284 1.02135
134.5 0.13347 1.01567
134.6 0.233333 0.976379
134.7 0.32782 0.909456
134.8 0.414602 0.823838
134.9 0.492258 0.728238
135 0.560129 0.628892
135.1 0.618019 0.528928
135.2 0.66592 0.429095
135.3 0.703834 0.329163
135.4 0.731756 0.22941
135.5 0.749784 0.131781
135.6 0.758316 0.0403332
135.7 0.758244 -0.0393128
135.8 0.751041 -0.101436
135.9 0.738679 -0.142032
136 0.72339 -0.160103
136.1 0.70734 -0.157838
136.2 0.692349 -0.139812
136.3 0.67971 -0.111843
136.4 0.670106 -0.0801321
136.5 0.6636 -0.0508995
136.6 0.659639 -0.0302652
136.7 0.657068 -0.0239625
136.8 0.654211 -0.0366172
136.9 0.649025 -0.070733
137 0.639357 -0.125925
137.1 0.623241 -0.198993
137.2 0.599128 -0.284986
137.3 0.565986 -0.378773
137.4 0.52325 -0.476338
137.5 0.470675 -0.575259
137.6 0.408195 -0.674255
137.7 0.335861 -0.77206
137.8 0.253907 -0.866036
137.9 0.162948 -0.951079
138 0.0642438 -1.0195
138.1 -0.040102 -1.06249
138.2 -0.147161 -1.07289
138.3 -0.253504 -1.04826
138.4 -0.355755 -0.992098
138.5 -0.451141 -0.912533
138.6 -0.537806 -0.819214
138.7 -0.614799 -0.720207
138.8 -0.681824 -0.62036
138.9 -0.738901 -0.521322
139 -0.786102 -0.422663
139.1 -0.823412 -0.323407
139.2 -0.850758 -0.223494
139.3 -0.86815 -0.124828
139.4 -0.875902 -0.0315694
139.5 -0.874834 0.0505631
139.6 -0.866353 0.115872
139.7 -0.852354 0.160496
139.8 -0.834975 0.183613
139.9 -0.816275 0.187536
140 -0.797955 0.176894
140.1 -0.781187 0.157536
140.2 -0.76653 0.135721
140.3 -0.753916 0.117715
140.4 -0.742659 0.10953
140.5 -0.731503 0.116465
140.6 -0.718732 0.142297
140.7 -0.702364 0.188401
140.8 -0.680421 0.253332
140.9 -0.651195 0.333301
141 -0.613422 0.423438
141.1 -0.56632 0.519243
141.2 -0.509493 0.617533
141.3 -0.442791 0.716522
141.4 -0.366202 0.815071
141.5 -0.279848 0.91141
141.6 -0.184114 1.00181
141.7 -0.0798963 1.0798
141.8 0.0311437 1.13673
141.9 0.146453 1.16391
142 0.262745 1.15593
142.1 0.37647 1.11317
142.2 0.484428 1.04203
142.3 0.584261 0.95242
142.4 0.674629 0.854203
142.5 0.755056 0.754452
142.6 0.825583 0.656478
142.7 0.886418 0.560436
142.8 0.937681 0.464719
142.9 0.979311 0.367539
143 1.01112 0.268315
143.1 1.03296 0.168626
143.2 1.04496 0.0724133
143.3 1.04774 -0.0147766
143.4 1.04249 -0.0873631
143.5 1.03089 -0.1415
143.6 1.01484 -0.176244
143.7 0.996217 -0.193679
143.8 0.976539 -0.198198
143.9 0.956819 -0.195505
144 0.937471 -0.191793
144.1 0.918288 -0.193213
144.2 0.898469 -0.20539
144.3 0.876701 -0.232773
144.4 0.85132 -0.27785
144.5 0.820539 -0.340558
144.6 0.782703 -0.418357
144.7 0.736502 -0.507105
144.8 0.681065 -0.602405
144.9 0.615921 -0.70079
145 0.540874 -0.800217
145.1 0.455875 -0.899711
145.2 0.360959 -0.998321
145.3 0.256314 -1.09373
145.4 0.142481 -1.18101
145.5 0.0206427 -1.25231
145.6 -0.107129 -1.29811
145.7 -0.237849 -1.31022
145.8 -0.367929 -1.28529
145.9 -0.493778 -1.22674
146 -0.612455 -1.14366
146.1 -0.722072 -1.04738
146.2 -0.821821 -0.947639
146.3 -0.911687 -0.850325
146.4 -0.992031 -0.757213
146.5 -1.06323 -0.667029
146.6 -1.12544 -0.577021
146.7 -1.17855 -0.484497
146.8 -1.22221 -0.388111
146.9 -1.25607 -0.288716
147 -1.27996 -0.189548
147.1 -1.29415 -0.0955363
147.2 -1.29941 -0.0118768
147.3 -1.297 0.0576121
147.4 -1.28841 0.111642
147.5 -1.27514 0.151717
147.6 -1.25841 0.181613
147.7 -1.23898 0.206505
147.8 -1.21708 0.232108
147.9 -1.19235 0.263927
148 -1.16394 0.306533
148.1 -1.13059 0.362817
148.2 -1.09089 0.433412
148.3 -1.04348 0.516613
148.4 -0.987261 0.609011
148.5 -0.921506 0.706674
148.6 -0.845861 0.806374
148.7 -0.760225 0.906325
148.8 -0.664601 1.00615
148.9 -0.55899 1.10609
149 -0.443391 1.20572
149.1 -0.31794 1.3024
149.2 -0.183203 1.39016
149.3 -0.040513 1.45971
149.4 0.107776 1.50048
149.5 0.258344 1.50436
149.6 0.407345 1.4695
149.7 0.551136 1.40167
149.8 0.686952 1.31211
149.9 0.813252 1.21324
150 0.929617 1.11467
150.1 1.03637 1.02146
150.2 1.13412 0.934309
150.3 1.22336 0.850955
150.4 1.30431 0.767854
150.5 1.37683 0.681619
150.6 1.44046 0.590181
150.7 1.49468 0.493535
150.8 1.53907 0.393902
150.9 1.57349 0.295164
151 1.59828 0.201659
151.1 1.61412 0.116771
151.2 1.62197 0.0418812
151.3 1.6228 -0.0239684
151.4 1.61738 -0.0837255
151.5 1.60612 -0.141569
151.6 1.58898 -0.202009
151.7 1.56549 -0.268988
151.8 1.53487 -0.345048
151.9 1.49616 -0.430731
152 1.44846 -0.524456
152.1 1.39111 -0.623061
152.2 1.3238 -0.722897
152.3 1.24658 -0.821077
152.4 1.15969 -0.916353
152.5 1.06339 -1.00934
152.6 0.957831 -1.10203
152.7 0.842917 -1.19677
152.8 0.718365 -1.29479
152.9 0.583896 -1.39455
153 0.439581 -1.49037
153.1 0.286284 -1.57224
153.2 0.126009 -1.62789
153.3 -0.0380633 -1.64689
153.4 -0.201999 -1.62517
153.5 -0.361874 -1.56703
153.6 -0.514546 -1.48319
153.7 -0.65808 -1.3863
153.8 -0.79172 -1.28665
153.9 -0.915518 -1.19006
154 -1.02989 -1.09798
154.1 -1.13522 -1.00888
154.2 -1.23167 -0.919911
154.3 -1.31911 -0.828409
154.4 -1.39722 -0.733
154.5 -1.4656 -0.634206
154.6 -1.52402 -0.534416
154.7 -1.57256 -0.437176
154.8 -1.61166 -0.345993
154.9 -1.64204 -0.263137
155 -1.66458 -0.188894
155.1 -1.68005 -0.121479
155.2 -1.68899 -0.0575292
155.3 -1.69153 0.00711193
155.4 -1.68741 0.0764789
155.5 -1.67598 0.153576
155.6 -1.65639 0.239597
155.7 -1.62779 0.333519
155.8 -1.58953 0.432331
155.9 -1.5413 0.531967
156 -1.48323 0.628638
156.1 -1.41575 0.720047
156.2 -1.33941 0.806039
156.3 -1.25466 0.888531
156.4 -1.16171 0.970854
156.5 -1.06037 1.05667
156.6 -0.950166 1.14857
156.7 -0.830455 1.2464
156.8 -0.700828 1.34577
156.9 -0.561551 1.43752
