0 0.00641882
0.1 0.00144383
0.2 0.00977336
0.3 0.000923835
0.4 0.0569245
0.5 2.9534
0.6 0.04525
0.7 0.01463
0.8 0.00789352
0.9 0.0791446
1 0.00113753
1.1 0.00417318
1.2 0.00986544
1.3 0.00163278
1.4 0.000376464
1.5 0.00132599
1.6 0.000307856
1.7 0.000379102
1.8 0.000219747
1.9 0.000560297
2 0.000168414
2.1 0.00028096
2.2 0.000223311
2.3 0.000174422
2.4 8.69203e-05
2.5 0.000171522
2.6 7.68256e-05
2.7 9.80433e-05
2.8 6.06399e-05
2.9 8.60592e-05
3 7.10298e-05
3.1 6.48931e-05
3.2 6.86281e-05
3.3 4.79663e-05
3.4 5.63643e-05
3.5 4.24146e-05
3.6 5.19753e-05
3.7 3.04075e-05
3.8 4.92731e-05
3.9 2.42029e-05
4 4.4875e-05
4.1 1.91918e-05
4.2 4.08855e-05
4.3 1.52501e-05
4.4 3.97452e-05
4.5 1.21388e-05
4.6 3.73499e-05
4.7 9.1421e-06
4.8 3.53896e-05
4.9 7.03343e-06
5 3.33201e-05
5.1 5.26326e-06
5.2 3.18087e-05
5.3 3.85533e-06
5.4 2.97723e-05
5.5 2.77936e-06
5.6 2.81193e-05
5.7 1.93606e-06
5.8 2.65462e-05
5.9 1.31064e-06
6 2.50416e-05
6.1 8.72867e-07
6.2 2.36266e-05
6.3 5.86753e-07
6.4 2.22135e-05
6.5 4.31914e-07
6.6 2.08847e-05
6.7 3.88199e-07
6.8 1.96009e-05
6.9 4.38997e-07
7 1.83668e-05
7.1 5.69414e-07
7.2 1.71797e-05
7.3 7.66542e-07
7.4 1.60351e-05
7.5 1.01865e-06
7.6 1.49361e-05
7.7 1.31578e-06
7.8 1.38794e-05
7.9 1.64913e-06
8 1.28655e-05
8.1 2.01061e-06
8.2 1.18944e-05
8.3 2.39324e-06
8.4 1.09653e-05
8.5 2.7906e-06
8.6 1.00787e-05
8.7 3.19704e-06
8.8 9.23425e-06
8.9 3.60743e-06
9 8.43207e-06
9.1 4.01739e-06
9.2 7.67219e-06
9.3 4.42271e-06
9.4 6.95451e-06
9.5 4.81981e-06
9.6 6.27908e-06
9.7 5.20548e-06
9.8 5.64575e-06
9.9 5.57688e-06
10 5.05436e-06
10.1 5.93154e-06
10.2 4.50469e-06
10.3 6.26725e-06
10.4 3.9964e-06
10.5 6.58215e-06
10.6 3.52912e-06
10.7 6.87464e-06
10.8 3.10235e-06
10.9 7.14338e-06
11 2.71552e-06
11.1 7.38728e-06
11.2 2.36796e-06
11.3 7.60548e-06
11.4 2.05891e-06
11.5 7.79734e-06
11.6 1.78752e-06
11.7 7.96243e-06
11.8 1.55284e-06
11.9 8.10049e-06
12 1.35385e-06
12.1 8.21145e-06
12.2 1.18943e-06
12.3 8.29544e-06
12.4 1.05838e-06
12.5 8.35269e-06
12.6 9.59425e-07
12.7 8.38363e-06
12.8 8.91221e-07
12.9 8.38879e-06
13 8.52353e-07
13.1 8.36884e-06
13.2 8.41344e-07
13.3 8.32457e-06
13.4 8.56661e-07
13.5 8.25688e-06
13.6 8.96721e-07
13.7 8.16675e-06
13.8 9.59898e-07
13.9 8.05525e-06
14 1.04453e-06
14.1 7.92354e-06
14.2 1.14892e-06
14.3 7.77284e-06
14.4 1.27136e-06
14.5 7.60444e-06
14.6 1.4101e-06
14.7 7.41965e-06
14.8 1.56341e-06
14.9 7.21985e-06
15 1.72955e-06
15.1 7.00645e-06
15.2 1.90676e-06
15.3 6.78088e-06
15.4 2.09332e-06
15.5 6.54457e-06
15.6 2.28751e-06
15.7 6.29899e-06
15.8 2.48765e-06
15.9 6.0456e-06
16 2.69207e-06
16.1 5.78584e-06
16.2 2.89915e-06
16.3 5.52115e-06
16.4 3.1073e-06
16.5 5.25297e-06
16.6 3.31499e-06
16.7 4.98267e-06
16.8 3.52073e-06
16.9 4.71164e-06
17 3.72309e-06
17.1 4.4412e-06
17.2 3.9207e-06
17.3 4.17265e-06
17.4 4.11227e-06
17.5 3.90723e-06
17.6 4.29656e-06
17.7 3.64615e-06
17.8 4.4724e-06
17.9 3.39055e-06
18 4.63872e-06
18.1 3.14153e-06
18.2 4.79449e-06
18.3 2.90013e-06
18.4 4.93879e-06
18.5 2.66731e-06
18.6 5.07078e-06
18.7 2.444e-06
18.8 5.18968e-06
18.9 2.23104e-06
19 5.29483e-06
19.1 2.02924e-06
19.2 5.38561e-06
19.3 1.83931e-06
19.4 5.46152e-06
19.5 1.66191e-06
19.6 5.52214e-06
19.7 1.49764e-06
19.8 5.56712e-06
19.9 1.34704e-06
20 5.5962e-06
20.1 1.21058e-06
20.2 5.60922e-06
20.3 1.08867e-06
20.4 5.60607e-06
20.5 9.81678e-07
20.6 5.58674e-06
20.7 8.89896e-07
20.8 5.5513e-06
20.9 8.13575e-07
21 5.4999e-06
21.1 7.52916e-07
21.2 5.43274e-06
21.3 7.08073e-07
21.4 5.35012e-06
21.5 6.79161e-07
21.6 5.25241e-06
21.7 6.66255e-07
21.8 5.14002e-06
21.9 6.69402e-07
22 5.01345e-06
22.1 6.88618e-07
22.2 4.87328e-06
22.3 7.23904e-07
22.4 4.72011e-06
22.5 7.75239e-07
22.6 4.55464e-06
22.7 8.42606e-07
22.8 4.37759e-06
22.9 9.25977e-07
23 4.1898e-06
23.1 1.02533e-06
23.2 3.99212e-06
23.3 1.14069e-06
23.4 3.78543e-06
23.5 1.27205e-06
23.6 3.57082e-06
23.7 1.41953e-06
23.8 3.34922e-06
23.9 1.58315e-06
24 3.12181e-06
24.1 1.76333e-06
24.2 2.88969e-06
24.3 1.96007e-06
24.4 2.65438e-06
24.5 2.17407e-06
24.6 2.41713e-06
24.7 2.40543e-06
24.8 2.17923e-06
24.9 2.65413e-06
25 1.94269e-06
25.1 2.92382e-06
25.2 1.71012e-06
25.3 3.21307e-06
25.4 1.47976e-06
25.5 3.5245e-06
25.6 1.25726e-06
25.7 3.85754e-06
25.8 1.04535e-06
25.9 4.22205e-06
26 8.45527e-07
26.1 4.60556e-06
26.2 6.70634e-07
26.3 5.02563e-06
26.4 4.94285e-07
26.5 5.47768e-06
26.6 3.54873e-07
26.7 5.97713e-06
26.8 2.43478e-07
26.9 6.6704e-06
27 1.70815e-07
27.1 7.13553e-06
27.2 1.37281e-07
27.3 7.83478e-06
27.4 1.72504e-07
27.5 8.51992e-06
27.6 2.67874e-07
27.7 9.4904e-06
27.8 4.25991e-07
27.9 1.13778e-05
28 8.74014e-07
28.1 1.16082e-05
28.2 1.10748e-06
28.3 1.38262e-05
28.4 2.10088e-06
28.5 1.65023e-05
28.6 2.57244e-06
28.7 1.59927e-05
28.8 4.26887e-06
28.9 2.28879e-05
29 8.05161e-06
29.1 2.01586e-05
29.2 1.40523e-05
29.3 4.76859e-05
29.4 1.76099e-05
29.5 4.76804e-05
29.6 9.00105e-07
29.7 5.26347e-05
29.8 2.81439e-05
29.9 0.00011967
30 6.51277e-05
30.1 0.000154856
30.2 0.000122569
30.3 0.000219261
30.4 0.00088457
30.5 0.000865091
30.6 0.0592557
30.7 0.00054758
30.8 0.0015393
30.9 0.189643
31 0.000561348
31.1 0.00209928
31.2 3.00533e-05
31.3 0.000662326
31.4 0.000161319
31.5 0.000682343
31.6 0.000505374
31.7 0.00134247
31.8 0.000893711
31.9 0.196283
32 0.000398879
32.1 0.00206448
32.2 0.00811939
32.3 0.00165815
32.4 0.00153518
32.5 0.000157503
32.6 0.00458092
32.7 2.62647e-05
32.8 0.000168005
32.9 8.17998e-07
33 9.11824e-05
33.1 1.29192e-05
33.2 3.51623e-05
33.3 5.17865e-06
33.4 5.50271e-05
33.5 9.80038e-06
33.6 3.51264e-05
33.7 5.54285e-06
33.8 2.28622e-05
33.9 6.04703e-06
34 1.73903e-05
34.1 4.98883e-06
34.2 1.29902e-05
34.3 7.26843e-06
34.4 1.16293e-05
34.5 5.42692e-06
34.6 8.30747e-06
34.7 5.19255e-06
34.8 7.00318e-06
34.9 5.12878e-06
35 5.40424e-06
35.1 5.10151e-06
35.2 4.3889e-06
35.3 4.90796e-06
35.4 3.46606e-06
35.5 5.02113e-06
35.6 2.6007e-06
35.7 4.97189e-06
35.8 2.1174e-06
35.9 4.97121e-06
36 1.5936e-06
36.1 4.94483e-06
36.2 1.20242e-06
36.3 4.89234e-06
36.4 8.8691e-07
36.5 4.8903e-06
36.6 6.37795e-07
36.7 4.86213e-06
36.8 4.42964e-07
36.9 4.82108e-06
37 3.0442e-07
37.1 4.77622e-06
37.2 2.12994e-07
37.3 4.72937e-06
37.4 1.62852e-07
37.5 4.66614e-06
37.6 1.491e-07
37.7 4.60081e-06
37.8 1.69917e-07
37.9 4.52786e-06
38 2.19776e-07
38.1 4.44908e-06
38.2 2.96918e-07
38.3 4.36243e-06
38.4 3.98412e-07
38.5 4.27025e-06
38.6 5.21962e-07
38.7 4.1713e-06
38.8 6.65767e-07
38.9 4.06614e-06
39 8.27473e-07
39.1 3.95539e-06
39.2 1.00547e-06
39.3 3.83912e-06
39.4 1.19798e-06
39.5 3.71817e-06
39.6 1.40337e-06
39.7 3.59272e-06
39.8 1.62012e-06
39.9 3.46341e-06
40 1.84667e-06
40.1 3.33081e-06
40.2 2.08158e-06
40.3 3.19551e-06
40.4 2.32341e-06
40.5 3.05823e-06
40.6 2.57076e-06
40.7 2.91961e-06
40.8 2.82226e-06
40.9 2.78039e-06
41 3.07653e-06
41.1 2.64132e-06
41.2 3.33225e-06
41.3 2.50317e-06
41.4 3.58807e-06
41.5 2.36677e-06
41.6 3.84271e-06
41.7 2.23292e-06
41.8 4.09485e-06
41.9 2.10246e-06
42 4.34324e-06
42.1 1.97625e-06
42.2 4.58661e-06
42.3 1.85514e-06
42.4 4.82374e-06
42.5 1.74e-06
42.6 5.05342e-06
42.7 1.63169e-06
42.8 5.27446e-06
42.9 1.53106e-06
43 5.48573e-06
43.1 1.43895e-06
43.2 5.6861e-06
43.3 1.35621e-06
43.4 5.87452e-06
43.5 1.28364e-06
43.6 6.04995e-06
43.7 1.22202e-06
43.8 6.21141e-06
43.9 1.17211e-06
44 6.35798e-06
44.1 1.13464e-06
44.2 6.4888e-06
44.3 1.11028e-06
44.4 6.60306e-06
44.5 1.09967e-06
44.6 6.70002e-06
44.7 1.10339e-06
44.8 6.77903e-06
44.9 1.12198e-06
45 6.83951e-06
45.1 1.15592e-06
45.2 6.88094e-06
45.3 1.2056e-06
45.4 6.90293e-06
45.5 1.27137e-06
45.6 6.90514e-06
45.7 1.35349e-06
45.8 6.88736e-06
45.9 1.45217e-06
46 6.84946e-06
46.1 1.5675e-06
46.2 6.79142e-06
46.3 1.69952e-06
46.4 6.71333e-06
46.5 1.84817e-06
46.6 6.61539e-06
46.7 2.01329e-06
46.8 6.49792e-06
46.9 2.19466e-06
47 6.36135e-06
47.1 2.39194e-06
47.2 6.20624e-06
47.3 2.60469e-06
47.4 6.03326e-06
47.5 2.83241e-06
47.6 5.84322e-06
47.7 3.07446e-06
47.8 5.63704e-06
47.9 3.33013e-06
48 5.41577e-06
48.1 3.5986e-06
48.2 5.1806e-06
48.3 3.87896e-06
48.4 4.93284e-06
48.5 4.17021e-06
48.6 4.67393e-06
48.7 4.47124e-06
48.8 4.40543e-06
48.9 4.78087e-06
49 4.12904e-06
49.1 5.09782e-06
49.2 3.84658e-06
49.3 5.42072e-06
49.4 3.55999e-06
49.5 5.74813e-06
49.6 3.27135e-06
49.7 6.07852e-06
49.8 2.98284e-06
49.9 6.41031e-06
50 2.69678e-06
50.1 6.74182e-06
50.2 2.41561e-06
50.3 7.07135e-06
50.4 2.14186e-06
50.5 7.3971e-06
50.6 1.87821e-06
50.7 7.71725e-06
50.8 1.62742e-06
50.9 8.02994e-06
51 1.39239e-06
51.1 8.33326e-06
51.2 1.17611e-06
51.3 8.62529e-06
51.4 9.81686e-07
51.5 8.90409e-06
51.6 8.12332e-07
51.7 9.1677e-06
51.8 6.71371e-07
51.9 9.41419e-06
52 5.62237e-07
52.1 9.6416e-06
52.2 4.88474e-07
52.3 9.84804e-06
52.4 4.53744e-07
52.5 1.00316e-05
52.6 4.61828e-07
52.7 1.01905e-05
52.8 5.16641e-07
52.9 1.03229e-05
53 6.22229e-07
53.1 1.04271e-05
53.2 7.82794e-07
53.3 1.05015e-05
53.4 1.0027e-06
53.5 1.05446e-05
53.6 1.2865e-06
53.7 1.05548e-05
53.8 1.63897e-06
53.9 1.0531e-05
54 2.06509e-06
54.1 1.04721e-05
54.2 2.57017e-06
54.3 1.03767e-05
54.4 3.15978e-06
54.5 1.02447e-05
54.6 3.83991e-06
54.7 1.00748e-05
54.8 4.61708e-06
54.9 9.86692e-06
55 5.49815e-06
55.1 9.62122e-06
55.2 6.4908e-06
55.3 9.33574e-06
55.4 7.60292e-06
55.5 9.01614e-06
55.6 8.845e-06
55.7 8.65791e-06
55.8 1.02255e-05
55.9 8.26497e-06
56 1.17567e-05
56.1 7.83898e-06
56.2 1.34542e-05
56.3 7.37447e-06
56.4 1.5326e-05
56.5 6.89721e-06
56.6 1.73973e-05
56.7 6.38286e-06
56.8 1.96891e-05
56.9 5.85715e-06
57 2.2223e-05
57.1 5.31417e-06
57.2 2.50184e-05
57.3 4.77287e-06
57.4 2.81213e-05
57.5 4.227e-06
57.6 3.15243e-05
57.7 3.66419e-06
57.8 3.5418e-05
57.9 3.17118e-06
58 3.98583e-05
58.1 2.72314e-06
58.2 4.45083e-05
58.3 2.31304e-06
58.4 5.01974e-05
58.5 2.04177e-06
58.6 5.6305e-05
58.7 1.91149e-06
58.8 6.34309e-05
58.9 1.86334e-06
59 7.39236e-05
59.1 2.16064e-06
59.2 8.18996e-05
59.3 5.47345e-07
59.4 9.39135e-05
59.5 4.43001e-06
59.6 0.000104168
59.7 5.77204e-06
59.8 0.000131747
59.9 9.02778e-06
60 9.56031e-05
60.1 1.22086e-05
60.2 0.000168905
60.3 2.4764e-05
60.4 0.000197848
60.5 4.35915e-05
60.6 0.000195558
60.7 1.39029e-05
60.8 0.000440089
60.9 9.49898e-05
61 2.7121e-05
61.1 3.96796e-05
61.2 0.000698553
61.3 9.8622e-05
61.4 0.00104742
61.5 0.00026744
61.6 0.00428798
61.7 0.00339807
61.8 0.00437683
61.9 0.02035
62 1.5461
62.1 0.0292783
62.2 0.0104699
62.3 0.192839
62.4 0.083694
62.5 0.00599535
62.6 0.00946121
62.7 0.00561249
62.8 0.00449323
62.9 0.00298157
63 0.00185756
63.1 0.00745187
63.2 0.0189852
63.3 0.201172
63.4 0.0775539
63.5 0.00365522
63.6 0.0400772
63.7 0.214448
63.8 0.00547508
63.9 0.00445091
64 0.0314934
64.1 0.00291256
64.2 2.76549e-05
64.3 0.00100972
64.4 1.04352e-05
64.5 0.000677063
64.6 1.69234e-05
64.7 0.00103766
64.8 1.0648e-05
64.9 0.000468233
65 0.000498502
65.1 0.000237024
65.2 1.85842e-05
65.3 0.000207392
65.4 2.63664e-06
65.5 0.000170696
65.6 4.93675e-06
65.7 0.000229836
65.8 7.64536e-06
65.9 0.000127715
66 6.65257e-06
66.1 0.000100604
66.2 7.70552e-06
66.3 8.79426e-05
66.4 7.16928e-06
66.5 7.45435e-05
66.6 8.22786e-06
66.7 6.08053e-05
66.8 8.41596e-06
66.9 5.51895e-05
67 9.42357e-06
67.1 4.7858e-05
67.2 9.5742e-06
67.3 4.1599e-05
67.4 1.00827e-05
67.5 3.58264e-05
67.6 1.06478e-05
67.7 3.07355e-05
67.8 1.10798e-05
67.9 2.68951e-05
68 1.14803e-05
68.1 2.31904e-05
68.2 1.19534e-05
68.3 1.99963e-05
68.4 1.22997e-05
68.5 1.71649e-05
68.6 1.26135e-05
68.7 1.46924e-05
68.8 1.28798e-05
68.9 1.24808e-05
69 1.30908e-05
69.1 1.05497e-05
69.2 1.32749e-05
69.3 8.85697e-06
69.4 1.34032e-05
69.5 7.37822e-06
69.6 1.34881e-05
69.7 6.08518e-06
69.8 1.35291e-05
69.9 4.96674e-06
70 1.35278e-05
70.1 4.00223e-06
70.2 1.34874e-05
70.3 3.17865e-06
70.4 1.34079e-05
70.5 2.48355e-06
70.6 1.32902e-05
70.7 1.90472e-06
70.8 1.31374e-05
70.9 1.43269e-06
71 1.29517e-05
71.1 1.05721e-06
71.2 1.27347e-05
71.3 7.69884e-07
71.4 1.24887e-05
71.5 5.62704e-07
71.6 1.22158e-05
71.7 4.28262e-07
71.8 1.19182e-05
71.9 3.59727e-07
72 1.15984e-05
72.1 3.50637e-07
72.2 1.12586e-05
72.3 3.95006e-07
72.4 1.0901e-05
72.5 4.87183e-07
72.6 1.0528e-05
72.7 6.21858e-07
72.8 1.01419e-05
72.9 7.94012e-07
73 9.74495e-06
73.1 9.98916e-07
73.2 9.33933e-06
73.3 1.23209e-06
73.4 8.92727e-06
73.5 1.4893e-06
73.6 8.51091e-06
73.7 1.76653e-06
73.8 8.09234e-06
73.9 2.06e-06
74 7.67357e-06
74.1 2.36613e-06
74.2 7.25655e-06
74.3 2.68154e-06
74.4 6.84316e-06
74.5 3.00303e-06
74.6 6.43519e-06
74.7 3.32763e-06
74.8 6.03434e-06
74.9 3.65251e-06
75 5.64221e-06
75.1 3.97506e-06
75.2 5.26031e-06
75.3 4.29282e-06
75.4 4.89006e-06
75.5 4.60353e-06
75.6 4.53276e-06
75.7 4.90508e-06
75.8 4.1896e-06
75.9 5.19555e-06
76 3.86167e-06
76.1 5.47318e-06
76.2 3.54995e-06
76.3 5.73637e-06
76.4 3.2553e-06
76.5 5.98368e-06
76.6 2.97847e-06
76.7 6.21386e-06
76.8 2.7201e-06
76.9 6.42578e-06
77 2.48072e-06
77.1 6.61847e-06
77.2 2.26075e-06
77.3 6.79114e-06
77.4 2.06048e-06
77.5 6.94311e-06
77.6 1.88011e-06
77.7 7.07386e-06
77.8 1.71974e-06
77.9 7.18301e-06
78 1.57935e-06
78.1 7.2703e-06
78.2 1.45883e-06
78.3 7.33562e-06
78.4 1.35797e-06
78.5 7.37896e-06
78.6 1.27647e-06
78.7 7.40046e-06
78.8 1.21395e-06
78.9 7.40033e-06
79 1.16992e-06
79.1 7.37894e-06
79.2 1.14383e-06
79.3 7.33672e-06
79.4 1.13507e-06
79.5 7.27422e-06
79.6 1.14292e-06
79.7 7.19208e-06
79.8 1.16664e-06
79.9 7.09101e-06
80 1.20541e-06
80.1 6.9718e-06
80.2 1.25835e-06
80.3 6.83534e-06
80.4 1.32455e-06
80.5 6.68255e-06
80.6 1.40305e-06
80.7 6.51444e-06
80.8 1.49286e-06
80.9 6.33204e-06
81 1.59296e-06
81.1 6.13647e-06
81.2 1.70231e-06
81.3 5.92885e-06
81.4 1.81983e-06
81.5 5.71037e-06
81.6 1.94445e-06
81.7 5.48223e-06
81.8 2.0751e-06
81.9 5.24566e-06
82 2.21068e-06
82.1 5.00191e-06
82.2 2.35012e-06
82.3 4.75226e-06
82.4 2.49235e-06
82.5 4.49796e-06
82.6 2.63631e-06
82.7 4.24031e-06
82.8 2.78095e-06
82.9 3.98059e-06
83 2.92526e-06
83.1 3.72008e-06
83.2 3.06825e-06
83.3 3.46006e-06
83.4 3.20896e-06
83.5 3.20179e-06
83.6 3.34645e-06
83.7 2.94654e-06
83.8 3.47985e-06
83.9 2.69555e-06
84 3.60829e-06
84.1 2.45006e-06
84.2 3.73097e-06
84.3 2.21128e-06
84.4 3.84713e-06
84.5 1.98044e-06
84.6 3.95604e-06
84.7 1.75871e-06
84.8 4.05704e-06
84.9 1.5473e-06
85 4.14951e-06
85.1 1.34736e-06
85.2 4.23286e-06
85.3 1.16009e-06
85.4 4.30661e-06
85.5 9.8666e-07
85.6 4.37025e-06
85.7 8.28224e-07
85.8 4.42339e-06
85.9 6.86033e-07
86 4.46566e-06
86.1 5.61255e-07
86.2 4.49676e-06
86.3 4.55168e-07
86.4 4.5165e-06
86.5 3.69067e-07
86.6 4.52447e-06
86.7 3.04265e-07
86.8 4.52064e-06
86.9 2.62435e-07
87 4.50505e-06
87.1 2.4487e-07
87.2 4.47726e-06
87.3 2.53478e-07
87.4 4.43758e-06
87.5 2.90023e-07
87.6 4.38613e-06
87.7 3.57e-07
87.8 4.32246e-06
87.9 4.55828e-07
88 4.24784e-06
88.1 5.90253e-07
88.2 4.16061e-06
88.3 7.63042e-07
88.4 4.05949e-06
88.5 9.77905e-07
88.6 3.9531e-06
88.7 1.23836e-06
88.8 3.8332e-06
88.9 1.5527e-06
89 3.70699e-06
89.1 1.92736e-06
89.2 3.55918e-06
89.3 2.36412e-06
89.4 3.43749e-06
89.5 2.87147e-06
89.6 3.25566e-06
89.7 3.40254e-06
89.8 3.08826e-06
89.9 4.19374e-06
90 2.89565e-06
90.1 5.02621e-06
90.2 2.74928e-06
90.3 5.97636e-06
90.4 2.8462e-06
90.5 7.16324e-06
90.6 2.40832e-06
90.7 8.23157e-06
90.8 2.25156e-06
90.9 1.02548e-05
91 2.14603e-06
91.1 1.36742e-05
91.2 1.93256e-06
91.3 1.60439e-05
91.4 1.06272e-07
91.5 1.74115e-05
91.6 1.30608e-06
91.7 2.25093e-05
91.8 2.4321e-06
91.9 2.69059e-05
92 4.09786e-06
92.1 7.30039e-05
92.2 1.25708e-06
92.3 6.74546e-05
92.4 6.556e-05
92.5 5.89784e-05
92.6 2.61712e-06
92.7 0.00012204
92.8 3.05364e-06
92.9 0.00020988
93 3.71284e-06
93.1 0.000326899
93.2 0.000250512
93.3 0.00214926
93.4 0.162993
93.5 0.00151819
93.6 0.00272857
93.7 0.00606338
93.8 0.0132512
93.9 0.00138344
94 0.000686124
94.1 0.000506455
94.2 0.000511962
94.3 0.000313057
94.4 0.000563314
94.5 0.000277185
94.6 0.0024622
94.7 0.007193
94.8 0.011396
94.9 0.00220836
95 0.000591294
95.1 0.133482
95.2 0.00116723
95.3 0.000447824
95.4 0.000573184
95.5 3.12502e-05
95.6 0.000177357
95.7 2.49225e-05
95.8 0.000111493
95.9 7.46162e-06
96 5.77305e-05
96.1 9.90309e-05
96.2 5.97129e-05
96.3 4.08961e-06
96.4 8.8828e-05
96.5 6.31544e-06
96.6 2.53604e-05
96.7 3.43378e-06
96.8 2.24206e-05
96.9 8.95973e-07
97 1.79416e-05
97.1 2.34338e-06
97.2 1.73548e-05
97.3 4.41284e-07
97.4 1.54935e-05
97.5 4.13199e-07
97.6 1.20034e-05
97.7 4.28422e-07
97.8 1.02551e-05
97.9 4.08174e-07
98 9.17759e-06
98.1 7.30235e-07
98.2 8.00187e-06
98.3 6.85552e-07
98.4 7.1002e-06
98.5 8.46819e-07
98.6 6.22989e-06
98.7 1.05116e-06
98.8 5.41283e-06
98.9 1.26314e-06
99 4.82916e-06
99.1 1.50213e-06
99.2 4.25374e-06
99.3 1.69947e-06
99.4 3.74047e-06
99.5 1.93168e-06
99.6 3.27622e-06
99.7 2.15416e-06
99.8 2.86218e-06
99.9 2.37894e-06
