0 1 0
0.1 0.995864 -0.0819627
0.2 0.983775 -0.158899
0.3 0.964286 -0.229786
0.4 0.938054 -0.293589
0.5 0.905838 -0.349313
0.6 0.868491 -0.396067
0.7 0.826948 -0.433115
0.8 0.782209 -0.459931
0.9 0.735313 -0.476235
1 0.687314 -0.482008
1.1 0.639255 -0.477493
1.2 0.592142 -0.463177
1.3 0.546923 -0.439749
1.4 0.504468 -0.408062
1.5 0.465555 -0.369076
1.6 0.430862 -0.323817
1.7 0.400965 -0.273334
1.8 0.376335 -0.21867
1.9 0.357337 -0.160841
2 0.344239 -0.100832
2.1 0.337211 -0.0396
2.2 0.336329 0.0219199
2.3 0.341574 0.0827973
2.4 0.352835 0.142093
2.5 0.369908 0.198844
2.6 0.392486 0.25206
2.7 0.420168 0.300722
2.8 0.452444 0.343793
2.9 0.488706 0.380245
3 0.528239 0.409086
3.1 0.570238 0.429409
3.2 0.613811 0.440436
3.3 0.657995 0.441565
3.4 0.701781 0.432413
3.5 0.74413 0.412842
3.6 0.784005 0.382975
3.7 0.820394 0.343184
3.8 0.852331 0.294069
3.9 0.878923 0.236413
4 0.899359 0.171133
4.1 0.912928 0.0992215
4.2 0.919016 0.0216909
4.3 0.917112 -0.0604746
4.4 0.906798 -0.146357
4.5 0.887744 -0.23513
4.6 0.8597 -0.32607
4.7 0.822479 -0.418558
4.8 0.775954 -0.512064
4.9 0.720047 -0.606127
5 0.654724 -0.700324
5.1 0.579992 -0.79423
5.2 0.495903 -0.887381
5.3 0.402559 -0.979227
5.4 0.300124 -1.06909
5.5 0.188836 -1.15611
5.6 0.0690307 -1.23925
5.7 -0.0588424 -1.31724
5.8 -0.194196 -1.38859
5.9 -0.336283 -1.45164
6 -0.484188 -1.50463
6.1 -0.636815 -1.54577
6.2 -0.792892 -1.5734
6.3 -0.950996 -1.58611
6.4 -1.10958 -1.58294
6.5 -1.26704 -1.56343
6.6 -1.42173 -1.52779
6.7 -1.57209 -1.47686
6.8 -1.71664 -1.41207
6.9 -1.8541 -1.33539
7 -1.9834 -1.24914
7.1 -2.1037 -1.15584
7.2 -2.21442 -1.05807
7.3 -2.31525 -0.958311
7.4 -2.40609 -0.858841
7.5 -2.48709 -0.761687
7.6 -2.55856 -0.668572
7.7 -2.62099 -0.580912
7.8 -2.67497 -0.499834
7.9 -2.7212 -0.4262
8 -2.76048 -0.360645
8.1 -2.79362 -0.303612
8.2 -2.82149 -0.255388
8.3 -2.84499 -0.216136
8.4 -2.86502 -0.185926
8.5 -2.88248 -0.164756
8.6 -2.89827 -0.152571
8.7 -2.91329 -0.14928
8.8 -2.92842 -0.15476
8.9 -2.94453 -0.168871
9 -2.96248 -0.191455
9.1 -2.9831 -0.222335
9.2 -3.00721 -0.261316
9.3 -3.03562 -0.308178
9.4 -3.0691 -0.362671
9.5 -3.1084 -0.424499
9.6 -3.15424 -0.493314
9.7 -3.20728 -0.568693
9.8 -3.26818 -0.650129
9.9 -3.33749 -0.737004
10 -3.41573 -0.828576
10.1 -3.50333 -0.923956
10.2 -3.60062 -1.02209
10.3 -3.7078 -1.12177
10.4 -3.82498 -1.22158
10.5 -3.95207 -1.31999
10.6 -4.08887 -1.41529
10.7 -4.23497 -1.50572
10.8 -4.38979 -1.58944
10.9 -4.55257 -1.66468
11 -4.72239 -1.72982
11.1 -4.89815 -1.7834
11.2 -5.07865 -1.82431
11.3 -5.26256 -1.85178
11.4 -5.44854 -1.86543
11.5 -5.63519 -1.86529
11.6 -5.82115 -1.85179
11.7 -6.00513 -1.82567
11.8 -6.1859 -1.78793
11.9 -6.36237 -1.73975
12 -6.53354 -1.6824
12.1 -6.69858 -1.61716
12.2 -6.85676 -1.54529
12.3 -7.00746 -1.46795
12.4 -7.1502 -1.38617
12.5 -7.28457 -1.30086
12.6 -7.41028 -1.21281
12.7 -7.52707 -1.12265
12.8 -7.63476 -1.03092
12.9 -7.73321 -0.938069
13 -7.82234 -0.84445
13.1 -7.90209 -0.750367
13.2 -7.97241 -0.656083
13.3 -8.0333 -0.561833
13.4 -8.08479 -0.467845
13.5 -8.12689 -0.374344
13.6 -8.15968 -0.281568
13.7 -8.18324 -0.18977
13.8 -8.19767 -0.0992231
13.9 -8.20313 -0.0102257
14 -8.19978 0.0769032
14.1 -8.18783 0.161824
14.2 -8.1675 0.244184
14.3 -8.13909 0.323619
14.4 -8.10289 0.399765
14.5 -8.05925 0.472266
14.6 -8.00857 0.540784
14.7 -7.95124 0.605007
14.8 -7.88772 0.664659
14.9 -7.81847 0.719508
15 -7.74398 0.769373
15.1 -7.66477 0.814128
15.2 -7.58133 0.853706
15.3 -7.4942 0.8881
15.4 -7.40388 0.917357
15.5 -7.31089 0.941584
15.6 -7.21573 0.960934
15.7 -7.11886 0.975603
15.8 -7.02076 0.985825
15.9 -6.92184 0.99186
16 -6.82251 0.993991
16.1 -6.72316 0.992511
16.2 -6.62412 0.98772
16.3 -6.52572 0.979916
16.4 -6.42823 0.969392
16.5 -6.33192 0.956424
16.6 -6.23702 0.941276
16.7 -6.14373 0.924188
16.8 -6.05224 0.905378
16.9 -5.9627 0.885038
17 -5.87528 0.863332
17.1 -5.79008 0.840397
17.2 -5.70723 0.816337
17.3 -5.62685 0.791232
17.4 -5.54902 0.765128
17.5 -5.47385 0.738048
17.6 -5.40144 0.709984
17.7 -5.33189 0.680907
17.8 -5.2653 0.650763
17.9 -5.20178 0.619481
18 -5.14144 0.586972
18.1 -5.08443 0.553133
18.2 -5.03086 0.517855
18.3 -4.98091 0.481021
18.4 -4.93472 0.442515
18.5 -4.89246 0.402222
18.6 -4.85433 0.360037
18.7 -4.82052 0.315864
18.8 -4.79123 0.269623
18.9 -4.76667 0.221255
19 -4.74705 0.170719
19.1 -4.7326 0.118
19.2 -4.72352 0.0631076
19.3 -4.72005 0.00608007
19.4 -4.72238 -0.0530184
19.5 -4.73072 -0.114096
19.6 -4.74526 -0.177033
19.7 -4.76618 -0.241687
19.8 -4.79365 -0.307887
19.9 -4.8278 -0.375443
20 -4.86877 -0.44414
20.1 -4.91666 -0.513742
20.2 -4.97154 -0.583992
20.3 -5.03347 -0.654611
20.4 -5.10247 -0.725295
20.5 -5.17852 -0.795716
20.6 -5.26159 -0.865516
20.7 -5.35159 -0.934301
20.8 -5.4484 -1.00164
20.9 -5.55186 -1.06707
21 -5.66173 -1.13005
21.1 -5.77777 -1.19004
21.2 -5.89962 -1.2464
21.3 -6.02691 -1.29848
21.4 -6.15915 -1.34557
21.5 -6.29583 -1.38692
21.6 -6.43632 -1.4218
21.7 -6.57995 -1.44946
21.8 -6.72595 -1.46918
21.9 -6.8735 -1.48034
22 -7.02171 -1.48238
22.1 -7.16965 -1.47488
22.2 -7.31636 -1.45757
22.3 -7.46084 -1.43037
22.4 -7.60211 -1.39338
22.5 -7.7392 -1.34688
22.6 -7.87118 -1.29135
22.7 -7.99719 -1.22743
22.8 -8.11641 -1.15588
22.9 -8.22814 -1.07759
23 -8.33174 -0.993481
23.1 -8.42667 -0.904529
23.2 -8.51251 -0.811691
23.3 -8.58891 -0.715888
23.4 -8.65562 -0.61798
23.5 -8.71246 -0.518745
23.6 -8.75935 -0.418866
23.7 -8.79624 -0.318927
23.8 -8.82315 -0.219403
23.9 -8.84014 -0.120668
24 -8.84732 -0.0229942
24.1 -8.84478 0.0734438
24.2 -8.83267 0.16856
24.3 -8.81112 0.26235
24.4 -8.78024 0.354887
24.5 -8.74018 0.44631
24.6 -8.69101 0.536818
24.7 -8.63283 0.626662
24.8 -8.56569 0.716135
24.9 -8.48961 0.805562
25 -8.40457 0.895288
25.1 -8.31053 0.985663
25.2 -8.2074 1.07702
25.3 -8.09508 1.16966
25.4 -7.97342 1.26382
25.5 -7.84226 1.35962
25.6 -7.70144 1.45705
25.7 -7.5508 1.55588
25.8 -7.39023 1.65564
25.9 -7.21967 1.75553
26 -7.03916 1.85437
26.1 -6.84888 1.95056
26.2 -6.6492 2.04206
26.3 -6.44071 2.12642
26.4 -6.22425 2.20086
26.5 -6.00097 2.26246
26.6 -5.77228 2.30833
26.7 -5.53991 2.33599
26.8 -5.30576 2.34358
26.9 -5.07189 2.33021
27 -4.84041 2.29607
27.1 -4.61333 2.24256
27.2 -4.39246 2.17218
27.3 -4.17934 2.08828
27.4 -3.97512 1.99485
27.5 -3.78055 1.89615
27.6 -3.59593 1.79647
27.7 -3.42115 1.69986
27.8 -3.25573 1.60999
27.9 -3.09882 1.53009
28 -2.94929 1.46289
28.1 -2.80574 1.41062
28.2 -2.6666 1.37508
28.3 -2.53013 1.35756
28.4 -2.39446 1.35891
28.5 -2.2577 1.37947
28.6 -2.11794 1.41896
28.7 -1.97331 1.47638
28.8 -1.82212 1.54987
28.9 -1.6629 1.63653
29 -1.49451 1.7323
29.1 -1.31631 1.83197
29.2 -1.1282 1.92929
29.3 -0.930756 2.01739
29.4 -0.725255 2.0894
29.5 -0.513618 2.13923
29.6 -0.298298 2.1625
29.7 -0.0820755 2.15716
29.8 0.132196 2.12382
29.9 0.341856 2.06562
30 0.544659 1.98765
30.1 0.738934 1.89615
30.2 0.923655 1.79762
30.3 1.09843 1.69818
30.4 1.26344 1.60307
30.5 1.41933 1.51644
30.6 1.56711 1.44133
30.7 1.70805 1.37978
30.8 1.84356 1.33297
30.9 1.97515 1.30146
31 2.10436 1.28531
31.1 2.23272 1.28424
31.2 2.3617 1.29774
31.3 2.49273 1.3251
31.4 2.62715 1.36553
31.5 2.76624 1.41811
31.6 2.91114 1.48181
31.7 3.06293 1.55549
31.8 3.22253 1.63785
31.9 3.39074 1.72741
32 3.5682 1.82247
32.1 3.75535 1.92105
32.2 3.95245 2.02095
32.3 4.1595 2.11966
32.4 4.37626 2.21451
32.5 4.60218 2.30263
32.6 4.83646 2.38118
32.7 5.07801 2.44742
32.8 5.32546 2.49895
32.9 5.57724 2.53384
33 5.83163 2.55083
33.1 6.08679 2.5494
33.2 6.3409 2.52978
33.3 6.59217 2.49296
33.4 6.83897 2.44052
33.5 7.07982 2.37451
33.6 7.3135 2.29724
33.7 7.53898 2.21112
33.8 7.7555 2.11851
33.9 7.96254 2.02159
34 8.15974 1.92233
34.1 8.34698 1.82239
34.2 8.52425 1.72317
34.3 8.69168 1.62581
34.4 8.8495 1.5312
34.5 8.99803 1.44003
34.6 9.13764 1.35287
34.7 9.26875 1.27011
34.8 9.39182 1.1921
34.9 9.50734 1.11911
35 9.61582 1.05139
35.1 9.7178 0.989149
35.2 9.81384 0.932641
35.3 9.90453 0.882119
35.4 9.99047 0.837869
35.5 10.0723 0.800219
35.6 10.1507 0.769538
35.7 10.2265 0.746245
35.8 10.3003 0.730799
35.9 10.3729 0.723704
36 10.4453 0.725492
36.1 10.5183 0.736705
36.2 10.593 0.757871
36.3 10.6702 0.789464
36.4 10.7512 0.831851
36.5 10.837 0.885218
36.6 10.9286 0.949482
36.7 11.0272 1.02418
36.8 11.1338 1.10834
36.9 11.2492 1.20035
37 11.374 1.29785
37.1 11.5088 1.39766
37.2 11.6535 1.49577
37.3 11.8077 1.58753
37.4 11.9706 1.6679
37.5 12.1408 1.73193
37.6 12.3163 1.77529
37.7 12.495 1.79488
37.8 12.6745 1.78924
37.9 12.8521 1.75881
38 13.0255 1.70584
38.1 13.1926 1.63404
38.2 13.3518 1.54808
38.3 13.5019 1.45298
38.4 13.6423 1.35361
38.5 13.7726 1.25431
38.6 13.8932 1.15868
38.7 14.0046 1.06947
38.8 14.1074 0.988659
38.9 14.2026 0.917502
39 14.2913 0.856693
39.1 14.3743 0.80648
39.2 14.4529 0.766783
39.3 14.528 0.737303
39.4 14.6007 0.717594
39.5 14.6719 0.707134
39.6 14.7424 0.705368
39.7 14.8132 0.711739
39.8 14.885 0.725717
39.9 14.9586 0.746806
40 15.0346 0.77456
40.1 15.1137 0.808583
40.2 15.1965 0.848535
40.3 15.2836 0.894124
40.4 15.3755 0.94511
40.5 15.4728 1.0013
40.6 15.5759 1.06252
40.7 15.6855 1.12865
40.8 15.8018 1.19956
40.9 15.9255 1.27514
41 16.057 1.35524
41.1 16.1967 1.43969
41.2 16.3451 1.52822
41.3 16.5025 1.62047
41.4 16.6693 1.71593
41.5 16.8458 1.8139
41.6 17.0321 1.91344
41.7 17.2285 2.01333
41.8 17.4347 2.11206
41.9 17.6508 2.20776
42 17.8761 2.29826
42.1 18.1102 2.38113
42.2 18.352 2.45377
42.3 18.6005 2.51357
42.4 18.8542 2.5581
42.5 19.1115 2.58531
42.6 19.3707 2.59377
42.7 19.6296 2.58282
42.8 19.8866 2.5527
42.9 20.1396 2.50453
43 20.3869 2.44025
43.1 20.6272 2.36248
43.2 20.8591 2.27426
43.3 21.0818 2.17892
43.4 21.2947 2.07978
43.5 21.4977 1.98006
43.6 21.6908 1.88274
43.7 21.8745 1.79052
43.8 22.0492 1.70575
43.9 22.2159 1.63052
44 22.3757 1.5666
44.1 22.5297 1.51554
44.2 22.6793 1.47865
44.3 22.8259 1.45704
44.4 22.9712 1.45159
44.5 23.1168 1.46294
44.6 23.2644 1.49137
44.7 23.4156 1.53672
44.8 23.5722 1.59823
44.9 23.7358 1.67431
45 23.9075 1.76242
45.1 24.0885 1.85882
45.2 24.2794 1.95854
45.3 24.4801 2.05549
45.4 24.6902 2.14278
45.5 24.9081 2.21336
45.6 25.1321 2.26094
45.7 25.3594 2.2809
45.8 25.5872 2.27113
45.9 25.8127 2.23249
46 26.0329 2.16862
46.1 26.2457 2.08546
46.2 26.4496 1.99024
46.3 26.6436 1.89057
46.4 26.8278 1.79362
46.5 27.0027 1.70555
46.6 27.1694 1.63125
46.7 27.3295 1.57428
46.8 27.4849 1.53697
46.9 27.6376 1.52057
47 27.7897 1.52539
47.1 27.9434 1.55092
47.2 28.1005 1.59594
47.3 28.2631 1.65851
47.4 28.4327 1.73601
47.5 28.6107 1.82512
47.6 28.798 1.92186
47.7 28.9952 2.02162
47.8 29.2023 2.11934
47.9 29.4188 2.2098
48 29.6438 2.2879
48.1 29.8758 2.34914
48.2 30.113 2.39002
48.3 30.3531 2.40838
48.4 30.5939 2.40356
48.5 30.833 2.37639
48.6 31.0685 2.32898
48.7 31.2983 2.26437
48.8 31.5209 2.18608
48.9 31.7351 2.09773
49 31.9402 2.00273
49.1 32.1356 1.90407
49.2 32.321 1.80415
49.3 32.4964 1.70485
49.4 32.662 1.60746
49.5 32.818 1.51283
49.6 32.9647 1.42141
49.7 33.1024 1.33333
49.8 33.2315 1.2485
49.9 33.3522 1.16668
50 33.4649 1.08749
50.1 33.5698 1.01051
50.2 33.6671 0.935248
50.3 33.7569 0.861231
50.4 33.8393 0.787971
50.5 33.9145 0.714997
50.6 33.9823 0.641867
50.7 34.0428 0.568163
50.8 34.0959 0.493508
50.9 34.1415 0.417558
51 34.1794 0.340013
51.1 34.2094 0.260617
51.2 34.2314 0.179161
51.3 34.2452 0.0954848
51.4 34.2504 0.00948406
51.5 34.247 -0.0788869
51.6 34.2346 -0.169609
51.7 34.213 -0.262592
51.8 34.182 -0.357668
51.9 34.1414 -0.454584
52 34.091 -0.552992
52.1 34.0308 -0.652446
52.2 33.9605 -0.752393
52.3 33.8803 -0.852171
52.4 33.7901 -0.951008
52.5 33.6902 -1.04803
52.6 33.5806 -1.14226
52.7 33.4618 -1.23265
52.8 33.3343 -1.31811
52.9 33.1984 -1.39752
53 33.055 -1.46977
53.1 32.9047 -1.53382
53.2 32.7485 -1.58875
53.3 32.5873 -1.63377
53.4 32.4221 -1.66828
53.5 32.254 -1.69189
53.6 32.0841 -1.70445
53.7 31.9135 -1.70603
53.8 31.7433 -1.69689
53.9 31.5745 -1.67753
54 31.4081 -1.64856
54.1 31.245 -1.61072
54.2 31.0862 -1.56483
54.3 30.9323 -1.51175
54.4 30.7841 -1.45234
54.5 30.642 -1.38743
54.6 30.5067 -1.3178
54.7 30.3786 -1.24417
54.8 30.258 -1.16721
54.9 30.1453 -1.0875
55 30.0406 -1.00556
55.1 29.9442 -0.921837
55.2 29.8563 -0.836729
55.3 29.7769 -0.750581
55.4 29.7062 -0.663696
55.5 29.6442 -0.576346
55.6 29.5909 -0.488775
55.7 29.5464 -0.401207
55.8 29.5107 -0.313854
55.9 29.4836 -0.22692
56 29.4653 -0.140602
56.1 29.4555 -0.0551004
56.2 29.4542 0.029388
56.3 29.4613 0.112662
56.4 29.4767 0.194516
56.5 29.5002 0.274743
56.6 29.5316 0.353131
56.7 29.5707 0.429466
56.8 29.6174 0.50353
56.9 29.6713 0.575109
57 29.7323 0.643986
57.1 29.8 0.709947
57.2 29.8742 0.772784
57.3 29.9545 0.832294
57.4 30.0406 0.888282
57.5 30.132 0.940561
57.6 30.2285 0.988956
57.7 30.3297 1.0333
57.8 30.4351 1.07346
57.9 30.5442 1.10928
58 30.6568 1.14064
58.1 30.7722 1.16746
58.2 30.8901 1.18963
58.3 31.01 1.2071
58.4 31.1314 1.2198
58.5 31.2538 1.22771
58.6 31.3767 1.2308
58.7 31.4998 1.22909
58.8 31.6224 1.22258
58.9 31.7441 1.21132
59 31.8645 1.19535
59.1 31.983 1.17474
59.2 32.0993 1.14957
59.3 32.2128 1.11994
59.4 32.3231 1.08596
59.5 32.4299 1.04775
59.6 32.5326 1.00545
59.7 32.6308 0.959194
59.8 32.7243 0.909151
59.9 32.8125 0.855482
60 32.8953 0.798361
60.1 32.9721 0.73797
60.2 33.0427 0.674495
60.3 33.1069 0.608129
60.4 33.1643 0.539068
60.5 33.2146 0.46751
60.6 33.2577 0.393656
60.7 33.2933 0.317706
60.8 33.3212 0.239861
60.9 33.3412 0.16032
61 33.3532 0.079281
61.1 33.357 -0.00306102
61.2 33.3525 -0.0865117
61.3 33.3397 -0.170878
61.4 33.3183 -0.255967
61.5 33.2885 -0.341585
61.6 33.25 -0.427532
61.7 33.203 -0.513603
61.8 33.1473 -0.599582
61.9 33.0831 -0.685234
62 33.0103 -0.770307
62.1 32.929 -0.854517
62.2 32.8394 -0.937548
62.3 32.7416 -1.01904
62.4 32.6357 -1.09859
62.5 32.5219 -1.17573
62.6 32.4006 -1.24993
62.7 32.2721 -1.32061
62.8 32.1366 -1.38711
62.9 31.9948 -1.44872
63 31.8471 -1.50467
63.1 31.6941 -1.55416
63.2 31.5365 -1.59638
63.3 31.3751 -1.63053
63.4 31.2107 -1.65584
63.5 31.0442 -1.67164
63.6 30.8767 -1.67737
63.7 30.7091 -1.67264
63.8 30.5425 -1.65721
63.9 30.378 -1.63108
64 30.2167 -1.59444
64.1 30.0595 -1.54769
64.2 29.9074 -1.49143
64.3 29.7615 -1.42642
64.4 29.6224 -1.35357
64.5 29.491 -1.27385
64.6 29.3678 -1.18831
64.7 29.2535 -1.09801
64.8 29.1484 -1.00397
64.9 29.0528 -0.907181
65 28.967 -0.808546
65.1 28.8911 -0.708883
65.2 28.8252 -0.608909
65.3 28.7693 -0.509238
65.4 28.7233 -0.41038
65.5 28.6872 -0.312743
65.6 28.6607 -0.216642
65.7 28.6438 -0.122298
65.8 28.6362 -0.0298528
65.9 28.6378 0.0606306
66 28.6483 0.149158
66.1 28.6675 0.235799
66.2 28.6954 0.320682
66.3 28.7316 0.403989
66.4 28.7761 0.485952
66.5 28.8288 0.566847
66.6 28.8895 0.646993
66.7 28.9582 0.726745
66.8 29.0348 0.806489
66.9 29.1195 0.886636
67 29.2122 0.967613
67.1 29.313 1.04985
67.2 29.4222 1.13376
67.3 29.5399 1.21973
67.4 29.6662 1.30808
67.5 29.8016 1.39903
67.6 29.9461 1.49265
67.7 30.1002 1.58879
67.8 30.264 1.68707
67.9 30.4376 1.78671
68 30.6213 1.88656
68.1 30.8149 1.98496
68.2 31.0182 2.07974
68.3 31.2306 2.16825
68.4 31.4515 2.24741
68.5 31.6797 2.3139
68.6 31.9138 2.36445
68.7 32.152 2.39612
68.8 32.3923 2.40672
68.9 32.6326 2.39512
69 32.8706 2.36149
69.1 33.1042 2.30737
69.2 33.3315 2.23557
69.3 33.5508 2.14996
69.4 33.7611 2.05506
69.5 33.9617 1.95569
69.6 34.1523 1.85665
69.7 34.3332 1.76242
69.8 34.5051 1.67704
69.9 34.669 1.60395
70 34.8264 1.54599
70.1 34.9788 1.50542
70.2 35.1281 1.4839
70.3 35.2762 1.48247
70.4 35.4253 1.50156
70.5 35.5772 1.54081
70.6 35.7341 1.59905
70.7 35.8976 1.67403
70.8 36.0693 1.76236
70.9 36.2503 1.85934
71 36.4413 1.95902
71.1 36.642 2.05445
71.2 36.8518 2.13818
71.3 37.069 2.20304
71.4 37.2915 2.24312
71.5 37.5167 2.25462
71.6 37.7415 2.23651
71.7 37.9631 2.19069
71.8 38.1788 2.12154
71.9 38.3868 2.03525
72 38.5855 1.93878
72.1 38.7744 1.83903
72.2 38.9535 1.7422
72.3 39.1231 1.65334
72.4 39.2845 1.57631
72.5 39.4389 1.51379
72.6 39.5878 1.46743
72.7 39.7329 1.4381
72.8 39.876 1.42601
72.9 40.0187 1.4309
73 40.1627 1.45217
73.1 40.3097 1.48894
73.2 40.461 1.54007
73.3 40.6181 1.60421
73.4 40.7822 1.67978
73.5 40.9544 1.76493
73.6 41.1355 1.85752
73.7 41.3261 1.95509
73.8 41.5266 2.05488
73.9 41.737 2.15381
74 41.9572 2.24862
74.1 42.1865 2.33591
74.2 42.424 2.41239
74.3 42.6685 2.47503
74.4 42.9185 2.52129
74.5 43.1721 2.54932
74.6 43.4277 2.55815
74.7 43.6831 2.54766
74.8 43.9366 2.51863
74.9 44.1863 2.47259
75 44.4306 2.41164
75.1 44.6682 2.33821
75.2 44.8979 2.25488
75.3 45.1189 2.16419
75.4 45.3306 2.06848
75.5 45.5325 1.96982
75.6 45.7245 1.86995
75.7 45.9065 1.77028
75.8 46.0786 1.67193
75.9 46.241 1.57573
76 46.3939 1.48227
76.1 46.5375 1.39199
76.2 46.6724 1.30514
76.3 46.7987 1.22189
76.4 46.9169 1.14234
76.5 47.0273 1.06653
76.6 47.1303 0.994484
76.7 47.2263 0.926204
76.8 47.3157 0.86171
76.9 47.3988 0.801035
77 47.476 0.744235
77.1 47.5478 0.691397
77.2 47.6144 0.642642
77.3 47.6764 0.59813
77.4 47.7342 0.558063
77.5 47.7882 0.522685
77.6 47.8389 0.492284
77.7 47.8868 0.467196
77.8 47.9325 0.447798
77.9 47.9766 0.434511
78 48.0196 0.427794
78.1 48.0624 0.428139
78.2 48.1055 0.43606
78.3 48.1499 0.452077
78.4 48.1962 0.476698
78.5 48.2455 0.510389
78.6 48.2986 0.553531
78.7 48.3565 0.606372
78.8 48.4202 0.66896
78.9 48.4906 0.74106
79 48.5687 0.822065
79.1 48.6553 0.910892
79.2 48.7511 1.00589
79.3 48.8566 1.10476
79.4 48.9721 1.20452
79.5 49.0974 1.30157
79.6 49.2322 1.39181
79.7 49.3754 1.47092
79.8 49.5259 1.5347
79.9 49.6817 1.57955
80 49.841 1.60282
80.1 50.0015 1.60322
80.2 50.1609 1.58089
80.3 50.317 1.53742
80.4 50.4678 1.47553
80.5 50.6116 1.39874
80.6 50.7472 1.31088
80.7 50.8736 1.21577
80.8 50.9902 1.11684
80.9 51.0969 1.01695
81 51.1936 0.918349
81.1 51.2807 0.822624
81.2 51.3583 0.730772
81.3 51.427 0.643285
81.4 51.4871 0.560239
81.5 51.5391 0.481392
81.6 51.5835 0.406258
81.7 51.6205 0.334181
81.8 51.6504 0.264384
81.9 51.6734 0.196016
82 51.6896 0.128187
82.1 51.6991 0.0599974
82.2 51.7016 -0.00943603
82.3 51.6971 -0.0809519
82.4 51.6853 -0.155313
82.5 51.6659 -0.233172
82.6 51.6385 -0.315024
82.7 51.6028 -0.401154
82.8 51.5582 -0.491573
82.9 51.5043 -0.585949
83 51.4409 -0.68353
83.1 51.3675 -0.783078
83.2 51.2842 -0.882819
83.3 51.1911 -0.980437
83.4 51.0883 -1.07311
83.5 50.9767 -1.15766
83.6 50.8572 -1.2307
83.7 50.7311 -1.28897
83.8 50.6 -1.32965
83.9 50.4658 -1.35065
84 50.3305 -1.35089
84.1 50.1963 -1.33044
84.2 50.0651 -1.29046
84.3 49.9388 -1.23309
84.4 49.819 -1.16114
84.5 49.7069 -1.07779
84.6 49.6037 -0.986236
84.7 49.5099 -0.889483
84.8 49.4259 -0.790117
84.9 49.3519 -0.690221
85 49.2878 -0.591346
85.1 49.2335 -0.494527
85.2 49.1888 -0.400337
85.3 49.1534 -0.308961
85.4 49.1269 -0.22027
85.5 49.1092 -0.133887
85.6 49.1001 -0.0492608
85.7 49.0993 0.0342841
85.8 49.1069 0.117492
85.9 49.1229 0.201129
86 49.1472 0.285939
86.1 49.1801 0.372592
86.2 49.2218 0.461632
86.3 49.2725 0.553413
86.4 49.3326 0.64803
86.5 49.4022 0.745244
86.6 49.4817 0.844393
86.7 49.5711 0.944322
86.8 49.6705 1.04332
86.9 49.7797 1.1391
87 49.8981 1.22886
87.1 50.0251 1.30937
87.2 50.1596 1.37722
87.3 50.3 1.42911
87.4 50.4448 1.46221
87.5 50.5918 1.47452
87.6 50.739 1.46514
87.7 50.8841 1.43445
87.8 51.0252 1.38405
87.9 51.1604 1.31659
88 51.2881 1.23548
88.1 51.4071 1.14448
88.2 51.5167 1.04736
88.3 51.6165 0.947644
88.4 51.7063 0.848367
88.5 51.7863 0.751996
88.6 51.8569 0.660398
88.7 51.9186 0.574878
88.8 51.9721 0.496238
88.9 52.0181 0.424867
89 52.0573 0.360818
89.1 52.0905 0.30389
89.2 52.1183 0.253694
89.3 52.1414 0.209706
89.4 52.1604 0.171311
89.5 52.1758 0.137834
89.6 52.1881 0.108564
89.7 52.1977 0.0827723
89.8 52.2048 0.0597182
89.9 52.2097 0.0386592
90 52.2125 0.0188525
90.1 52.2134 -0.000443851
90.2 52.2124 -0.0199709
90.3 52.2094 -0.0404695
90.4 52.2043 -0.0626813
90.5 52.1968 -0.0873474
90.6 52.1867 -0.115207
90.7 52.1736 -0.146992
90.8 52.1572 -0.18342
90.9 52.1368 -0.225176
91 52.1119 -0.272899
91.1 52.082 -0.327148
91.2 52.0463 -0.388369
91.3 52.0041 -0.456841
91.4 51.9546 -0.532618
91.5 51.8973 -0.615456
91.6 51.8313 -0.704729
91.7 51.7562 -0.799354
91.8 51.6713 -0.897705
91.9 51.5766 -0.997578
92 51.4719 -1.09618
92.1 51.3575 -1.1902
92.2 51.2341 -1.27598
92.3 51.1027 -1.34972
92.4 50.9647 -1.40786
92.5 50.8218 -1.44741
92.6 50.6759 -1.4663
92.7 50.5292 -1.46363
92.8 50.3839 -1.43974
92.9 50.2419 -1.39616
93 50.1052 -1.33535
93.1 49.9753 -1.26043
93.2 49.8535 -1.17474
93.3 49.7406 -1.08157
93.4 49.6373 -0.983899
93.5 49.5439 -0.884213
93.6 49.4605 -0.78445
93.7 49.387 -0.685984
93.8 49.3232 -0.589675
93.9 49.269 -0.495933
94 49.2239 -0.4048
94.1 49.1879 -0.316029
94.2 49.1607 -0.229162
94.3 49.142 -0.143588
94.4 49.1319 -0.0586109
94.5 49.1303 0.0265074
94.6 49.1373 0.112491
94.7 49.1529 0.200005
94.8 49.1773 0.2896
94.9 49.2109 0.381656
95 49.2538 0.476317
95.1 49.3062 0.573421
95.2 49.3685 0.672426
95.3 49.4407 0.77234
95.4 49.523 0.871666
95.5 49.615 0.968383
95.6 49.7165 1.05997
95.7 49.8267 1.1435
95.8 49.9448 1.21582
95.9 50.0694 1.2738
96 50.199 1.31464
96.1 50.3317 1.3362
96.2 50.4655 1.33724
96.3 50.5984 1.31765
96.4 50.7284 1.27839
96.5 50.8535 1.22147
96.6 50.9722 1.14962
96.7 51.0831 1.06605
96.8 51.1851 0.974075
96.9 51.2777 0.87687
97 51.3604 0.777255
97.1 51.4331 0.677561
97.2 51.496 0.579587
97.3 51.5492 0.4846
97.4 51.593 0.393383
97.5 51.628 0.306297
97.6 51.6544 0.223355
97.7 51.6728 0.144292
97.8 51.6834 0.0686309
97.9 51.6866 -0.00426779
98 51.6826 -0.0751568
98.1 51.6716 -0.144866
98.2 51.6537 -0.214271
98.3 51.6287 -0.284264
98.4 51.5968 -0.355724
98.5 51.5575 -0.429486
98.6 51.5108 -0.506305
98.7 51.4561 -0.586808
98.8 51.3933 -0.671437
98.9 51.3217 -0.760378
99 51.241 -0.853476
99.1 51.1509 -0.950148
99.2 51.0509 -1.04928
99.3 50.941 -1.14917
99.4 50.8211 -1.24743
99.5 50.6917 -1.34109
99.6 50.5532 -1.42661
99.7 50.4067 -1.50018
99.8 50.2537 -1.558
99.9 50.0958 -1.59671
100 49.9351 -1.61379
100.1 49.7738 -1.60798
100.2 49.6142 -1.57946
100.3 49.4586 -1.52985
100.4 49.3089 -1.46204
100.5 49.1667 -1.37984
100.6 49.0332 -1.28753
100.7 48.9094 -1.18943
100.8 48.7954 -1.08957
100.9 48.6914 -0.991485
101 48.597 -0.898014
101.1 48.5116 -0.811348
101.2 48.4344 -0.733036
101.3 48.3646 -0.664075
101.4 48.3013 -0.60501
101.5 48.2433 -0.556032
101.6 48.1897 -0.517068
101.7 48.1396 -0.487861
101.8 48.0918 -0.46803
101.9 48.0457 -0.457121
102 48.0001 -0.454647
102.1 47.9545 -0.460109
102.2 47.9079 -0.473022
102.3 47.8596 -0.492923
102.4 47.8091 -0.519384
102.5 47.7555 -0.552014
102.6 47.6985 -0.590464
102.7 47.6373 -0.634426
102.8 47.5714 -0.683633
102.9 47.5004 -0.737854
103 47.4237 -0.796894
103.1 47.3408 -0.860584
103.2 47.2514 -0.928778
103.3 47.1549 -1.00134
103.4 47.051 -1.07815
103.5 46.9392 -1.15905
103.6 46.8191 -1.24387
103.7 46.6903 -1.33238
103.8 46.5525 -1.42429
103.9 46.4053 -1.51919
104 46.2485 -1.61655
104.1 46.0819 -1.71564
104.2 45.9054 -1.81556
104.3 45.7188 -1.91514
104.4 45.5224 -2.01297
104.5 45.3164 -2.10738
104.6 45.1011 -2.19644
104.7 44.8773 -2.27802
104.8 44.6458 -2.34986
104.9 44.4078 -2.40971
105 44.1644 -2.45547
105.1 43.9172 -2.48535
105.2 43.6679 -2.49804
105.3 43.4182 -2.49284
105.4 43.1699 -2.46975
105.5 42.9248 -2.42952
105.6 42.6845 -2.37354
105.7 42.4506 -2.3038
105.8 42.2241 -2.22269
105.9 42.0063 -2.13286
106 41.7978 -2.03705
106.1 41.599 -1.93795
106.2 41.4102 -1.83809
106.3 41.2313 -1.7398
106.4 41.0621 -1.64514
106.5 40.9021 -1.55594
106.6 40.7507 -1.47378
106.7 40.6071 -1.40006
106.8 40.4704 -1.33598
106.9 40.3395 -1.28263
107 40.2135 -1.24098
107.1 40.0909 -1.21189
107.2 39.9706 -1.19615
107.3 39.8512 -1.19445
107.4 39.7313 -1.20732
107.5 39.6093 -1.23512
107.6 39.4837 -1.27789
107.7 39.3532 -1.33528
107.8 39.2162 -1.40635
107.9 39.0715 -1.48944
108 38.918 -1.58199
108.1 38.7549 -1.68038
108.2 38.5819 -1.77996
108.3 38.3991 -1.87511
108.4 38.2072 -1.95963
108.5 38.0077 -2.0273
108.6 37.8025 -2.07262
108.7 37.5941 -2.09164
108.8 37.3851 -2.08258
108.9 37.1785 -2.04619
109 36.9767 -1.98562
109.1 36.782 -1.90592
109.2 36.5959 -1.81331
109.3 36.4195 -1.71435
109.4 36.2531 -1.61527
109.5 36.0963 -1.52151
109.6 35.9485 -1.43744
109.7 35.8084 -1.36635
109.8 35.6747 -1.3105
109.9 35.5457 -1.27128
110 35.4198 -1.24937
110.1 35.2953 -1.24489
110.2 35.1703 -1.25751
110.3 35.0432 -1.28656
110.4 34.9125 -1.33104
110.5 34.7765 -1.38969
110.6 34.6341 -1.46094
110.7 34.484 -1.54292
110.8 34.3252 -1.63341
110.9 34.1571 -1.72987
111 33.9792 -1.82939
111.1 33.7912 -1.92875
111.2 33.5935 -2.02451
111.3 33.3866 -2.11314
111.4 33.1713 -2.19119
111.5 32.9488 -2.25555
111.6 32.7207 -2.30363
111.7 32.4887 -2.33358
111.8 32.2546 -2.34443
111.9 32.0204 -2.33613
112 31.788 -2.30951
112.1 31.5591 -2.26609
112.2 31.3353 -2.20795
112.3 31.1179 -2.13745
112.4 30.9081 -2.05706
112.5 30.7068 -1.96913
112.6 30.5145 -1.8758
112.7 30.3317 -1.77891
112.8 30.1588 -1.67996
112.9 29.9957 -1.5801
113 29.8427 -1.48019
113.1 29.6997 -1.38082
113.2 29.5665 -1.28233
113.3 29.4432 -1.18491
113.4 29.3295 -1.08857
113.5 29.2254 -0.993251
113.6 29.1308 -0.898807
113.7 29.0457 -0.805045
113.8 28.9698 -0.711744
113.9 28.9033 -0.618674
114 28.8461 -0.525607
114.1 28.7982 -0.432328
114.2 28.7596 -0.338639
114.3 28.7305 -0.244374
114.4 28.7108 -0.149398
114.5 28.7006 -0.0536113
114.6 28.7001 0.0430385
114.7 28.7093 0.140558
114.8 28.7282 0.238903
114.9 28.7571 0.337967
115 28.7958 0.437585
115.1 28.8446 0.537521
115.2 28.9033 0.637469
115.3 28.9721 0.737041
115.4 29.0507 0.835773
115.5 29.1392 0.933115
115.6 29.2373 1.02844
115.7 29.3448 1.12104
115.8 29.4614 1.21014
115.9 29.5867 1.29492
116 29.7202 1.37449
116.1 29.8614 1.44799
116.2 30.0095 1.51454
116.3 30.164 1.57332
116.4 30.3239 1.62357
116.5 30.4884 1.66464
116.6 30.6565 1.69602
116.7 30.8273 1.71736
116.8 30.9997 1.72846
116.9 31.1726 1.72931
117 31.3452 1.72009
117.1 31.5163 1.7011
117.2 31.6851 1.67281
117.3 31.8506 1.63579
117.4 32.012 1.59071
117.5 32.1685 1.53827
117.6 32.3194 1.47921
117.7 32.4641 1.41428
117.8 32.6021 1.34418
117.9 32.7328 1.26961
118 32.8559 1.19118
118.1 32.971 1.10949
118.2 33.0777 1.02504
118.3 33.1759 0.938299
118.4 33.2653 0.849656
118.5 33.3458 0.759462
118.6 33.4171 0.668014
118.7 33.4793 0.575569
118.8 33.5322 0.482345
118.9 33.5758 0.388532
119 33.6099 0.294297
119.1 33.6346 0.199786
119.2 33.6499 0.105134
119.3 33.6557 0.0104698
119.4 33.652 -0.0840817
119.5 33.6389 -0.178392
119.6 33.6163 -0.272327
119.7 33.5844 -0.365738
119.8 33.5432 -0.458462
119.9 33.4927 -0.550314
120 33.4332 -0.641083
120.1 33.3646 -0.73053
120.2 33.2871 -0.818379
120.3 33.201 -0.904319
120.4 33.1063 -0.987996
120.5 33.0034 -1.06901
120.6 32.8926 -1.14693
120.7 32.7742 -1.22127
120.8 32.6485 -1.29151
120.9 32.516 -1.35708
121 32.3773 -1.4174
121.1 32.2327 -1.47188
121.2 32.0831 -1.51991
121.3 31.929 -1.56092
121.4 31.7712 -1.59434
121.5 31.6104 -1.61969
121.6 31.4475 -1.63655
121.7 31.2834 -1.64459
121.8 31.1189 -1.64359
121.9 30.955 -1.63346
122 30.7925 -1.61423
122.1 30.6324 -1.58605
122.2 30.4756 -1.54922
122.3 30.3229 -1.50411
122.4 30.175 -1.45123
122.5 30.0329 -1.39115
122.6 29.897 -1.32448
122.7 29.7682 -1.2519
122.8 29.6468 -1.17407
122.9 29.5335 -1.09168
123 29.4286 -1.00537
123.1 29.3325 -0.91576
123.2 29.2455 -0.823433
123.3 29.1679 -0.728909
123.4 29.0998 -0.632657
123.5 29.0414 -0.535088
123.6 28.9928 -0.436553
123.7 28.9541 -0.337347
123.8 28.9254 -0.237709
123.9 28.9066 -0.137828
124 28.8978 -0.0378441
124.1 28.899 0.0621459
124.2 28.9102 0.162083
124.3 28.9314 0.261943
124.4 28.9626 0.361727
124.5 29.0038 0.461458
124.6 29.0549 0.561175
124.7 29.116 0.660919
124.8 29.1871 0.760728
124.9 29.2682 0.860624
125 29.3592 0.960596
125.1 29.4603 1.06059
125.2 29.5714 1.16048
125.3 29.6924 1.26005
125.4 29.8233 1.35899
125.5 29.9641 1.45683
125.6 30.1146 1.55295
125.7 30.2746 1.64654
125.8 30.4438 1.73661
125.9 30.6218 1.82194
126 30.808 1.90114
126.1 31.0018 1.97264
126.2 31.2022 2.03477
126.3 31.4084 2.08586
126.4 31.619 2.12428
126.5 31.8328 2.14864
126.6 32.0482 2.15783
126.7 32.2638 2.15123
126.8 32.4779 2.12867
126.9 32.689 2.09059
127 32.8956 2.03795
127.1 33.0962 1.9722
127.2 33.2896 1.8952
127.3 33.4749 1.8091
127.4 33.6512 1.71619
127.5 33.818 1.61879
127.6 33.9749 1.51917
127.7 34.1218 1.41947
127.8 34.2589 1.32164
127.9 34.3863 1.2274
128 34.5045 1.13831
128.1 34.6141 1.05568
128.2 34.7159 0.980684
128.3 34.8106 0.91432
128.4 34.8991 0.857472
128.5 34.9824 0.81092
128.6 35.0616 0.775362
128.7 35.1379 0.751425
128.8 35.2123 0.739663
128.9 35.2862 0.740552
129 35.3609 0.754466
129.1 35.4376 0.781638
129.2 35.5176 0.822107
129.3 35.6024 0.875639
129.4 35.6932 0.941642
129.5 35.7911 1.01905
129.6 35.8973 1.10622
129.7 36.0126 1.20083
129.8 36.1376 1.29981
129.9 36.2726 1.39936
130 36.4174 1.49502
130.1 36.5713 1.58197
130.2 36.7333 1.65533
130.3 36.9018 1.7107
130.4 37.0747 1.7446
130.5 37.2499 1.75492
130.6 37.4249 1.74121
130.7 37.5974 1.70464
130.8 37.7652 1.64781
130.9 37.9264 1.57433
131 38.0796 1.48836
131.1 38.2238 1.39407
131.2 38.3583 1.29535
131.3 38.4828 1.19547
131.4 38.5974 1.09704
131.5 38.7023 1.00194
131.6 38.798 0.911379
131.7 38.8848 0.826022
131.8 38.9633 0.746062
131.9 39.0342 0.671337
132 39.0978 0.601421
132.1 39.1546 0.535701
132.2 39.205 0.473436
132.3 39.2494 0.413802
132.4 39.2879 0.355928
132.5 39.3206 0.298923
132.6 39.3476 0.241891
132.7 39.3689 0.183952
132.8 39.3844 0.124256
132.9 39.3937 0.061998
133 39.3967 -0.00356114
133.1 39.3929 -0.0730699
133.2 39.3819 -0.147055
133.3 39.3633 -0.225883
133.4 39.3365 -0.30971
133.5 39.3012 -0.398432
133.6 39.2567 -0.491616
133.7 39.2027 -0.588448
133.8 39.1389 -0.68767
133.9 39.0652 -0.787549
134 38.9815 -0.885878
134.1 38.8881 -0.980014
134.2 38.7857 -1.06699
134.3 38.6751 -1.14371
134.4 38.5574 -1.20713
134.5 38.4342 -1.2546
134.6 38.3071 -1.28405
134.7 38.178 -1.2943
134.8 38.0489 -1.28508
134.9 37.9216 -1.25711
135 37.798 -1.21193
135.1 37.6798 -1.15172
135.2 37.5681 -1.07906
135.3 37.4643 -0.996604
135.4 37.369 -0.906911
135.5 37.283 -0.812253
135.6 37.2067 -0.714516
135.7 37.1402 -0.615158
135.8 37.0837 -0.515214
135.9 37.0372 -0.415334
136 37.0006 -0.315846
136.1 36.974 -0.216823
136.2 36.9572 -0.118154
136.3 36.9503 -0.0196198
136.4 36.9533 0.0790342
136.5 36.9662 0.17803
136.6 36.9889 0.277487
136.7 37.0217 0.377345
136.8 37.0644 0.477304
136.9 37.1171 0.576751
137 37.1797 0.674707
137.1 37.252 0.769793
137.2 37.3335 0.860223
137.3 37.4238 0.943842
137.4 37.522 1.01822
137.5 37.627 1.08081
137.6 37.7376 1.12916
137.7 37.8523 1.16112
137.8 37.9693 1.17512
137.9 38.0867 1.17035
138 38.2027 1.14687
138.1 38.3155 1.10564
138.2 38.4233 1.04837
138.3 38.5247 0.977395
138.4 38.6184 0.895405
138.5 38.7035 0.805197
138.6 38.7793 0.709464
138.7 38.8453 0.610622
138.8 38.9014 0.5107
138.9 38.9475 0.411289
139 38.9837 0.313537
139.1 39.0102 0.218172
139.2 39.0274 0.125552
139.3 39.0354 0.0357232
139.4 39.0346 -0.0515281
139.5 39.0252 -0.136615
139.6 39.0074 -0.220101
139.7 38.9812 -0.302655
139.8 38.9468 -0.385007
139.9 38.9042 -0.467908
140 38.8532 -0.55209
140.1 38.7937 -0.638215
140.2 38.7255 -0.726825
140.3 38.6483 -0.818278
140.4 38.5617 -0.912673
140.5 38.4656 -1.00977
140.6 38.3597 -1.10888
140.7 38.2438 -1.2088
140.8 38.118 -1.30775
140.9 37.9824 -1.40329
141 37.8375 -1.49245
141.1 37.6842 -1.57175
141.2 37.5236 -1.63754
141.3 37.3573 -1.68628
141.4 37.1871 -1.71498
141.5 37.015 -1.72158
141.6 36.8435 -1.70533
141.7 36.6747 -1.66691
141.8 36.5108 -1.60844
141.9 36.3536 -1.53322
142 36.2046 -1.44537
142.1 36.0648 -1.34941
142.2 35.9348 -1.24983
142.3 35.8148 -1.15081
142.4 35.7045 -1.05595
142.5 35.6034 -0.968231
142.6 35.5105 -0.889952
142.7 35.425 -0.822798
142.8 35.3456 -0.767917
142.9 35.271 -0.726018
143 35.1999 -0.697456
143.1 35.1311 -0.682318
143.2 35.063 -0.680485
143.3 34.9945 -0.691682
143.4 34.9243 -0.715507
143.5 34.851 -0.751453
143.6 34.7736 -0.79891
143.7 34.6909 -0.857156
143.8 34.6018 -0.925344
143.9 34.5055 -1.00248
144 34.4011 -1.08738
144.1 34.2878 -1.17868
144.2 34.1652 -1.27477
144.3 34.0328 -1.3738
144.4 33.8904 -1.47369
144.5 33.7381 -1.57214
144.6 33.5761 -1.6667
144.7 33.4049 -1.75484
144.8 33.2254 -1.83406
144.9 33.0385 -1.90203
145 32.8455 -1.95676
145.1 32.6477 -1.99668
145.2 32.4466 -2.02076
145.3 32.244 -2.0286
145.4 32.0415 -2.02036
145.5 31.8405 -1.99679
145.6 31.6426 -1.95907
145.7 31.4491 -1.90869
145.8 31.2612 -1.84735
145.9 31.0799 -1.77678
146 30.9061 -1.69867
146.1 30.7404 -1.61459
146.2 30.5833 -1.5259
146.3 30.4353 -1.43375
146.4 30.2967 -1.3391
146.5 30.1676 -1.24269
146.6 30.0482 -1.14508
146.7 29.9386 -1.04669
146.8 29.8389 -0.947803
146.9 29.749 -0.848631
147 29.6691 -0.749315
147.1 29.5992 -0.649962
147.2 29.5391 -0.550667
147.3 29.489 -0.451529
147.4 29.4488 -0.352674
147.5 29.4185 -0.25426
147.6 29.3979 -0.156493
147.7 29.3871 -0.0596333
147.8 29.386 0.0360032
147.9 29.3943 0.130042
148 29.4119 0.222053
148.1 29.4386 0.311556
148.2 29.4741 0.398032
148.3 29.5181 0.480933
148.4 29.5702 0.559702
148.5 29.6299 0.633785
148.6 29.6968 0.702653
148.7 29.7702 0.765824
148.8 29.8497 0.822876
148.9 29.9346 0.873466
149 30.0242 0.917345
149.1 30.1178 0.954364
149.2 30.2148 0.984479
149.3 30.3145 1.00775
149.4 30.4162 1.02434
149.5 30.5192 1.0345
149.6 30.6229 1.03857
149.7 30.7267 1.03693
149.8 30.8301 1.03003
149.9 30.9325 1.01835
150 31.0336 1.0024
150.1 31.1329 0.982695
150.2 31.23 0.959735
150.3 31.3247 0.934025
150.4 31.4168 0.906045
150.5 31.5059 0.876254
150.6 31.592 0.845083
150.7 31.6749 0.81293
150.8 31.7545 0.78016
150.9 31.8309 0.747102
151 31.9039 0.714048
151.1 31.9737 0.681246
151.2 32.0402 0.648909
151.3 32.1035 0.617202
151.4 32.1637 0.586251
151.5 32.2208 0.556136
151.6 32.2749 0.526895
151.7 32.3262 0.498521
151.8 32.3747 0.470968
151.9 32.4204 0.444147
152 32.4635 0.417933
152.1 32.504 0.392168
152.2 32.542 0.366663
152.3 32.5774 0.341202
152.4 32.6102 0.31555
152.5 32.6404 0.289456
152.6 32.6681 0.26266
152.7 32.6929 0.234899
152.8 32.715 0.205912
152.9 32.7341 0.175447
153 32.75 0.143269
153.1 32.7627 0.109163
153.2 32.7718 0.07294
153.3 32.7772 0.0344448
153.4 32.7786 -0.00644299
153.5 32.7758 -0.0498038
153.6 32.7686 -0.0956763
153.7 32.7566 -0.144056
153.8 32.7397 -0.194895
153.9 32.7175 -0.248102
154 32.69 -0.303547
154.1 32.6568 -0.361058
154.2 32.6177 -0.420429
154.3 32.5726 -0.48142
154.4 32.5214 -0.543759
154.5 32.4638 -0.607146
154.6 32.3999 -0.671253
154.7 32.3296 -0.735722
154.8 32.2528 -0.800167
154.9 32.1695 -0.86417
155 32.08 -0.927277
155.1 31.9841 -0.988996
155.2 31.8822 -1.04879
155.3 31.7745 -1.10609
155.4 31.6611 -1.16025
155.5 31.5425 -1.21061
155.6 31.4191 -1.25644
155.7 31.2914 -1.29701
155.8 31.1599 -1.33153
155.9 31.0253 -1.35924
156 30.8883 -1.3794
156.1 30.7497 -1.39131
156.2 30.6104 -1.39437
156.3 30.4712 -1.38809
156.4 30.3331 -1.37215
156.5 30.1971 -1.34639
156.6 30.0641 -1.31083
156.7 29.9352 -1.26571
156.8 29.8113 -1.21146
156.9 29.6932 -1.14867
157 29.5818 -1.0781
157.1 29.4778 -1.0006
157.2 29.3819 -0.917119
157.3 29.2946 -0.828639
157.4 29.2163 -0.736137
157.5 29.1475 -0.640558
157.6 29.0883 -0.542787
157.7 29.0389 -0.443623
157.8 28.9996 -0.343769
157.9 28.9702 -0.243817
158 28.9508 -0.144251
158.1 28.9413 -0.0454402
158.2 28.9417 0.0523532
158.3 28.9517 0.14897
158.4 28.9714 0.244346
158.5 29.0006 0.338506
158.6 29.0391 0.431551
158.7 29.0869 0.523654
158.8 29.1438 0.615045
158.9 29.2098 0.706005
159 29.285 0.796848
159.1 29.3692 0.887914
159.2 29.4626 0.979546
159.3 29.5652 1.07207
159.4 29.677 1.16578
159.5 29.7984 1.2609
159.6 29.9293 1.35751
159.7 30.0699 1.45558
159.8 30.2204 1.55484
159.9 30.3809 1.65476
160 30.5514 1.75446
160.1 30.7318 1.85269
160.2 30.9218 1.94777
160.3 31.1211 2.03758
160.4 31.3291 2.1196
160.5 31.5447 2.19103
160.6 31.7668 2.24896
160.7 31.994 2.29058
160.8 32.2243 2.31355
160.9 32.456 2.31622
161 32.6869 2.29793
161.1 32.9149 2.25916
161.2 33.1381 2.20156
161.3 33.3547 2.12782
161.4 33.5632 2.04145
161.5 33.7627 1.9465
161.6 33.9524 1.84723
161.7 34.1321 1.74787
161.8 34.3021 1.65237
161.9 34.4628 1.56429
162 34.6153 1.48671
162.1 34.7606 1.42224
162.2 34.9002 1.37299
162.3 35.0358 1.34062
162.4 35.169 1.32634
162.5 35.3017 1.33088
162.6 35.4358 1.35448
162.7 35.5732 1.39675
162.8 35.7157 1.45659
162.9 35.865 1.53204
163 36.0225 1.62008
163.1 36.1893 1.7166
163.2 36.366 1.81633
163.3 36.5525 1.91306
163.4 36.7483 1.99998
163.5 36.9519 2.07039
163.6 37.1616 2.11842
163.7 37.3747 2.13992
163.8 37.5886 2.13306
163.9 37.8004 2.09861
164 38.0075 2.03976
164.1 38.2077 1.96154
164.2 38.3994 1.87003
164.3 38.5815 1.77157
164.4 38.7537 1.67205
164.5 38.916 1.57651
164.6 39.0692 1.48893
164.7 39.2142 1.41221
164.8 39.3521 1.34828
164.9 39.4843 1.29828
165 39.6122 1.26273
165.1 39.7373 1.24169
165.2 39.8611 1.23489
165.3 39.9848 1.24186
165.4 40.1099 1.26201
165.5 40.2376 1.29463
165.6 40.3692 1.33896
165.7 40.5058 1.3942
165.8 40.6484 1.45946
165.9 40.7979 1.53377
166 40.9554 1.61606
166.1 41.1214 1.7051
166.2 41.2966 1.79945
166.3 41.4814 1.89746
166.4 41.6761 1.99725
166.5 41.8808 2.09664
166.6 42.0954 2.19322
166.7 42.3193 2.2844
166.8 42.552 2.36745
166.9 42.7924 2.43968
167 43.0395 2.49859
167.1 43.2916 2.54201
167.2 43.5473 2.5683
167.3 43.8047 2.5765
167.4 44.062 2.56636
167.5 44.3174 2.5384
167.6 44.5691 2.49384
167.7 44.8156 2.43445
167.8 45.0556 2.3624
167.9 45.2878 2.2801
168 45.5113 2.19002
168.1 45.7256 2.09453
168.2 45.9301 1.99586
168.3 46.1247 1.89596
168.4 46.3093 1.79653
168.5 46.4841 1.69901
168.6 46.6492 1.60458
168.7 46.8051 1.5142
168.8 46.9522 1.42867
168.9 47.0911 1.34863
169 47.2222 1.27465
169.1 47.3462 1.20719
169.2 47.4638 1.14672
169.3 47.5758 1.09365
169.4 47.6828 1.04843
169.5 47.7858 1.01151
169.6 47.8854 0.983382
169.7 47.9828 0.964562
169.8 48.0787 0.955596
169.9 48.1742 0.957041
170 48.2704 0.969447
170.1 48.3685 0.993315
170.2 48.4695 1.02904
170.3 48.5747 1.07685
170.4 48.6853 1.13667
170.5 48.8024 1.20805
170.6 48.9272 1.28996
170.7 49.0607 1.38069
170.8 49.2036 1.47767
170.9 49.3563 1.57743
171 49.519 1.67554
171.1 49.6912 1.76684
171.2 49.872 1.84577
171.3 50.0598 1.90688
171.4 50.2526 1.94554
171.5 50.448 1.95859
171.6 50.6434 1.94487
171.7 50.8361 1.90541
171.8 51.0237 1.84332
171.9 51.2042 1.7633
172 51.376 1.671
172.1 51.5382 1.57233
172.2 51.6904 1.47286
172.3 51.8329 1.37748
172.4 51.9662 1.29013
172.5 52.0913 1.21379
172.6 52.2094 1.15055
172.7 52.3219 1.10173
172.8 52.4302 1.06804
172.9 52.536 1.04971
173 52.6407 1.0466
173.1 52.7458 1.05833
173.2 52.8528 1.08428
173.3 52.9631 1.12372
173.4 53.078 1.17573
173.5 53.1987 1.23926
173.6 53.3262 1.31311
173.7 53.4616 1.39588
173.8 53.6056 1.48596
173.9 53.759 1.5815
174 53.922 1.68039
174.1 54.0951 1.78027
174.2 54.278 1.87854
174.3 54.4706 1.97246
174.4 54.6723 2.05919
174.5 54.8821 2.13596
174.6 55.0991 2.20024
174.7 55.3217 2.24987
174.8 55.5485 2.28322
174.9 55.7778 2.29932
175 56.0078 2.29792
175.1 56.2368 2.27942
175.2 56.4631 2.24488
175.3 56.6853 2.19581
175.4 56.9019 2.13407
175.5 57.1117 2.06167
175.6 57.3139 1.98066
175.7 57.5076 1.89296
175.8 57.6923 1.80032
175.9 57.8676 1.70424
176 58.0331 1.60596
176.1 58.1887 1.50647
176.2 58.3344 1.40651
176.3 58.47 1.30663
176.4 58.5957 1.20718
176.5 58.7115 1.10838
176.6 58.8174 1.01032
176.7 58.9136 0.913012
176.8 59.0001 0.816397
176.9 59.0769 0.720375
177 59.1441 0.624814
177.1 59.2019 0.529564
177.2 59.2501 0.43447
177.3 59.2888 0.339377
177.4 59.3179 0.244138
177.5 59.3376 0.148617
177.6 59.3476 0.0526963
177.7 59.3481 -0.0437209
177.8 59.3389 -0.140707
177.9 59.3199 -0.238305
178 59.2912 -0.336526
178.1 59.2526 -0.435342
178.2 59.2041 -0.53468
178.3 59.1457 -0.634421
178.4 59.0772 -0.734384
178.5 58.9988 -0.834327
178.6 58.9104 -0.933935
178.7 58.812 -1.03281
178.8 58.7038 -1.13047
178.9 58.586 -1.22635
179 58.4587 -1.31976
179.1 58.3221 -1.40994
179.2 58.1768 -1.49604
179.3 58.0231 -1.57713
179.4 57.8616 -1.65221
179.5 57.6929 -1.72027
179.6 57.5178 -1.78028
179.7 57.3371 -1.83128
179.8 57.1519 -1.87238
179.9 56.963 -1.90281
180 56.7717 -1.922
180.1 56.579 -1.92957
180.2 56.3862 -1.92536
180.3 56.1943 -1.90947
180.4 56.0046 -1.8822
180.5 55.8182 -1.8441
180.6 55.6362 -1.79587
180.7 55.4594 -1.73836
180.8 55.2888 -1.67255
180.9 55.1251 -1.59942
181 54.9691 -1.52001
181.1 54.8213 -1.43531
181.2 54.6822 -1.34627
181.3 54.5521 -1.25376
181.4 54.4315 -1.15858
181.5 54.3205 -1.06142
181.6 54.2193 -0.962884
181.7 54.128 -0.863472
181.8 54.0466 -0.763604
181.9 53.9752 -0.663616
182 53.9139 -0.563769
182.1 53.8625 -0.464258
182.2 53.821 -0.365219
182.3 53.7894 -0.266735
182.4 53.7676 -0.168848
182.5 53.7556 -0.0715555
182.6 53.7533 0.0251753
182.7 53.7606 0.121408
182.8 53.7776 0.217233
182.9 53.8041 0.312759
183 53.8401 0.408115
183.1 53.8857 0.503444
183.2 53.9408 0.598893
183.3 54.0055 0.694615
183.4 54.0797 0.790757
183.5 54.1637 0.887448
183.6 54.2573 0.984794
183.7 54.3606 1.08285
183.8 54.4739 1.18163
183.9 54.597 1.28104
184 54.7301 1.3809
184.1 54.8732 1.48087
184.2 55.0262 1.58045
184.3 55.1892 1.67895
184.4 55.362 1.77544
184.5 55.5442 1.86872
184.6 55.7356 1.95738
184.7 55.9355 2.03972
184.8 56.1432 2.11387
184.9 56.3579 2.17784
185 56.5784 2.22961
185.1 56.8034 2.26731
185.2 57.0313 2.28935
185.3 57.2607 2.29458
185.4 57.4897 2.28245
185.5 57.7166 2.25306
185.6 57.9397 2.20721
185.7 58.1575 2.14636
185.8 58.3686 2.07252
185.9 58.5717 1.98812
186 58.7659 1.89586
186.1 58.9507 1.7985
186.2 59.1255 1.69881
186.3 59.2904 1.59937
186.4 59.4455 1.50258
186.5 59.5911 1.41058
186.6 59.7278 1.32525
186.7 59.8564 1.24825
186.8 59.9778 1.181
186.9 60.093 1.12475
187 60.2032 1.08056
187.1 60.3096 1.04938
187.2 60.4135 1.03201
187.3 60.5164 1.0291
187.4 60.6198 1.04112
187.5 60.7252 1.06834
187.6 60.834 1.11069
187.7 60.9478 1.16773
187.8 61.068 1.23843
187.9 61.1959 1.32111
188 61.3325 1.41323
188.1 61.4787 1.51134
188.2 61.6349 1.61105
188.3 61.8008 1.70712
188.4 61.976 1.79379
188.5 62.1591 1.86527
188.6 62.3483 1.91634
188.7 62.5415 1.94309
188.8 62.7361 1.94343
188.9 62.9293 1.91744
189 63.1188 1.8673
189.1 63.3021 1.79694
189.2 63.4776 1.71142
189.3 63.6441 1.61625
189.4 63.8007 1.51678
189.5 63.9475 1.41777
189.6 64.0844 1.32314
189.7 64.2123 1.23588
189.8 64.3319 1.15808
189.9 64.4443 1.09109
190 64.5505 1.0356
190.1 64.6518 0.991864
190.2 64.7493 0.959783
190.3 64.8442 0.939037
190.4 64.9375 0.929164
190.5 65.0303 0.929635
190.6 65.1237 0.939895
190.7 65.2186 0.959393
190.8 65.3159 0.98761
190.9 65.4164 1.02406
191 65.521 1.0683
191.1 65.6303 1.11992
191.2 65.7452 1.17855
191.3 65.8662 1.24382
191.4 65.9942 1.31539
191.5 66.1295 1.39286
191.6 66.2729 1.4758
191.7 66.4248 1.56372
191.8 66.5858 1.65597
191.9 66.7562 1.75179
192 66.9362 1.8502
192.1 67.1262 1.94998
192.2 67.3262 2.04965
192.3 67.5361 2.14746
192.4 67.7556 2.24135
192.5 67.9842 2.32903
192.6 68.2211 2.40805
192.7 68.4654 2.47588
192.8 68.7158 2.53012
192.9 68.9709 2.56863
193 69.229 2.58975
193.1 69.4882 2.59246
193.2 69.7469 2.5765
193.3 70.0029 2.54239
193.4 70.2548 2.49143
193.5 70.5007 2.42557
193.6 70.7395 2.34726
193.7 70.9699 2.25927
193.8 71.1911 2.1645
193.9 71.4026 2.06581
194 71.6042 1.96592
194.1 71.7959 1.8673
194.2 71.9778 1.77219
194.3 72.1505 1.68253
194.4 72.3145 1.59999
194.5 72.4708 1.52607
194.6 72.6201 1.46202
194.7 72.7635 1.40898
194.8 72.9023 1.36797
194.9 73.0376 1.3399
195 73.1707 1.32557
195.1 73.3032 1.32569
195.2 73.4364 1.34079
195.3 73.5718 1.37119
195.4 73.7111 1.41687
195.5 73.8557 1.47735
195.6 74.007 1.5515
195.7 74.1664 1.63736
195.8 74.3348 1.73198
195.9 74.5129 1.83127
196 74.701 1.93004
196.1 74.8987 2.02216
196.2 75.105 2.10105
196.3 75.3183 2.16038
196.4 75.5363 2.19488
196.5 75.7563 2.20125
196.6 75.9755 2.17873
196.7 76.1912 2.1293
196.8 76.4007 2.05738
196.9 76.6021 1.96916
197 76.7942 1.8717
197.1 76.9764 1.7721
197.2 77.1487 1.67682
197.3 77.312 1.59129
197.4 77.4675 1.51975
197.5 77.6166 1.4652
197.6 77.7611 1.42961
197.7 77.9032 1.41396
197.8 78.0446 1.41846
197.9 78.1875 1.44265
198 78.3338 1.48544
198.1 78.4852 1.54517
198.2 78.6433 1.6196
198.3 78.8095 1.70591
198.4 78.9847 1.80067
198.5 79.1698 1.89989
198.6 79.3647 1.99912
198.7 79.5694 2.09362
198.8 79.7831 2.17861
198.9 80.0047 2.24965
199 80.2325 2.30296
199.1 80.4646 2.33579
199.2 80.6989 2.34668
199.3 80.9332 2.33551
199.4 81.1653 2.30345
199.5 81.3932 2.2527
199.6 81.6153 2.18616
199.7 81.8301 2.1071
199.8 82.0364 2.01876
199.9 82.2336 1.92418
200 82.4211 1.82593
200.1 82.5987 1.72614
200.2 82.7664 1.62639
200.3 82.9241 1.5278
200.4 83.072 1.43107
200.5 83.2104 1.33657
200.6 83.3394 1.2444
200.7 83.4593 1.15444
200.8 83.5703 1.06646
200.9 83.6727 0.980091
201 83.7664 0.894937
201.1 83.8517 0.810558
201.2 83.9285 0.726508
201.3 83.997 0.642355
201.4 84.057 0.557691
201.5 84.1085 0.472145
201.6 84.1514 0.385395
201.7 84.1855 0.297174
201.8 84.2107 0.20728
201.9 84.2269 0.115587
202 84.2338 0.0220498
202.1 84.2312 -0.0732854
202.2 84.2191 -0.170271
202.3 84.1971 -0.26865
202.4 84.1653 -0.368051
202.5 84.1235 -0.467979
202.6 84.0717 -0.567814
202.7 84.01 -0.666815
202.8 83.9384 -0.764126
202.9 83.8572 -0.858786
203 83.7668 -0.949757
203.1 83.6675 -1.03595
203.2 83.5598 -1.11626
203.3 83.4444 -1.18961
203.4 83.3221 -1.255
203.5 83.1937 -1.31155
203.6 83.0601 -1.35854
203.7 82.9224 -1.39544
203.8 82.7814 -1.42194
203.9 82.6383 -1.43797
204 82.4942 -1.44367
204.1 82.3499 -1.43939
204.2 82.2066 -1.42564
204.3 82.0651 -1.40308
204.4 81.9262 -1.37247
204.5 81.7908 -1.33463
204.6 81.6595 -1.29041
204.7 81.5329 -1.24064
204.8 81.4116 -1.18616
204.9 81.2958 -1.12772
205 81.1861 -1.06606
205.1 81.0827 -1.00183
205.2 80.9858 -0.935656
205.3 80.8956 -0.868096
205.4 80.8122 -0.799664
205.5 80.7357 -0.730834
205.6 80.6661 -0.662046
205.7 80.6033 -0.593709
205.8 80.5473 -0.526207
205.9 80.498 -0.459899
206 80.4553 -0.395121
206.1 80.4189 -0.332182
206.2 80.3888 -0.271368
206.3 80.3646 -0.212929
206.4 80.3461 -0.157084
206.5 80.3331 -0.104012
206.6 80.3252 -0.05385
206.7 80.3222 -0.00668679
206.8 80.3237 0.037436
206.9 80.3296 0.0785267
207 80.3394 0.116644
207.1 80.3528 0.151893
207.2 80.3696 0.184427
207.3 80.3896 0.214438
207.4 80.4124 0.242155
207.5 80.438 0.267837
207.6 80.466 0.291769
207.7 80.4963 0.314249
207.8 80.5288 0.335587
207.9 80.5634 0.356098
208 80.6 0.37609
208.1 80.6386 0.395861
208.2 80.6791 0.415693
208.3 80.7217 0.435845
208.4 80.7663 0.456548
208.5 80.8131 0.477999
208.6 80.862 0.500358
208.7 80.9132 0.523743
208.8 80.9668 0.54823
208.9 81.0228 0.573846
209 81.0816 0.600575
209.1 81.143 0.628348
209.2 81.2073 0.657053
209.3 81.2744 0.686527
209.4 81.3446 0.716565
209.5 81.4178 0.746914
209.6 81.494 0.777283
209.7 81.5732 0.807336
209.8 81.6554 0.836703
209.9 81.7405 0.864976
210 81.8284 0.891716
210.1 81.9188 0.916454
210.2 82.0116 0.938696
210.3 82.1064 0.957931
210.4 82.203 0.973634
210.5 82.301 0.985276
210.6 82.3999 0.992338
210.7 82.4993 0.994319
210.8 82.5986 0.990752
210.9 82.6973 0.981218
211 82.7946 0.965363
211.1 82.8901 0.942909
211.2 82.983 0.913671
211.3 83.0726 0.877563
211.4 83.1583 0.834606
211.5 83.2393 0.784928
211.6 83.3151 0.728763
211.7 83.3849 0.666438
211.8 83.4481 0.598363
211.9 83.5044 0.525017
212 83.553 0.446922
212.1 83.5936 0.364633
212.2 83.6258 0.278709
212.3 83.6492 0.1897
212.4 83.6637 0.0981314
212.5 83.6688 0.00448671
212.6 83.6645 -0.0907984
212.7 83.6506 -0.187344
212.8 83.627 -0.284828
212.9 83.5936 -0.382985
213 83.5504 -0.481603
213.1 83.4973 -0.580513
213.2 83.4343 -0.679581
213.3 83.3614 -0.778692
213.4 83.2785 -0.877733
213.5 83.1858 -0.976571
213.6 83.0832 -1.07503
213.7 82.9708 -1.17287
213.8 82.8487 -1.26974
213.9 82.7169 -1.36517
214 82.5757 -1.45852
214.1 82.4253 -1.54897
214.2 82.2661 -1.6355
214.3 82.0984 -1.71686
214.4 81.9229 -1.79162
214.5 81.7404 -1.85816
214.6 81.5516 -1.91479
214.7 81.3578 -1.95977
214.8 81.1601 -1.99149
214.9 80.96 -2.00858
215 80.7589 -2.01004
215.1 80.5585 -1.99534
215.2 80.3604 -1.96456
215.3 80.1661 -1.91835
215.4 79.9772 -1.85796
215.5 79.7949 -1.78514
215.6 79.6205 -1.70201
215.7 79.4548 -1.61099
215.8 79.2985 -1.51458
215.9 79.152 -1.41527
216 79.0154 -1.31545
216.1 78.8888 -1.21733
216.2 78.7719 -1.12287
216.3 78.6641 -1.03382
216.4 78.5649 -0.951669
216.5 78.4735 -0.877699
216.6 78.389 -0.812993
216.7 78.3105 -0.758473
216.8 78.237 -0.714918
216.9 78.1672 -0.682991
217 78.0999 -0.663248
217.1 78.0341 -0.656147
217.2 77.9683 -0.662038
217.3 77.9012 -0.681144
217.4 77.8316 -0.713522
217.5 77.7581 -0.759019
217.6 77.6794 -0.817201
217.7 77.5943 -0.887272
217.8 77.5016 -0.967989
217.9 77.4004 -1.05757
218 77.2898 -1.15361
218.1 77.1695 -1.25306
218.2 77.0392 -1.35228
218.3 76.8992 -1.44709
218.4 76.7501 -1.53307
218.5 76.593 -1.60583
218.6 76.4295 -1.66145
218.7 76.2614 -1.69686
218.8 76.0909 -1.71022
218.9 75.9201 -1.70104
219 75.7514 -1.67025
219.1 75.5867 -1.61998
219.2 75.428 -1.55321
219.3 75.2765 -1.47341
219.4 75.1336 -1.38412
219.5 74.9999 -1.28863
219.6 74.876 -1.18979
219.7 74.762 -1.08986
219.8 74.658 -0.990525
219.9 74.5638 -0.892888
220 74.4793 -0.79756
220.1 74.4042 -0.704741
220.2 74.3383 -0.614307
220.3 74.2813 -0.525895
220.4 74.2331 -0.438973
220.5 74.1935 -0.352906
220.6 74.1625 -0.267004
220.7 74.1401 -0.18058
220.8 74.1264 -0.0929889
220.9 74.1216 -0.003674
221 74.1257 0.0877823
221.1 74.1392 0.181609
221.2 74.1621 0.277793
221.3 74.1948 0.376018
221.4 74.2374 0.475614
221.5 74.29 0.575506
221.6 74.3525 0.674191
221.7 74.4247 0.76974
221.8 74.5062 0.859842
221.9 74.5964 0.941909
222 74.6943 1.01323
222.1 74.7986 1.0712
222.2 74.908 1.1135
222.3 75.0207 1.1384
222.4 75.135 1.14491
222.5 75.2491 1.13288
222.6 75.361 1.103
222.7 75.4691 1.05673
222.8 75.5719 0.996108
222.9 75.6679 0.923492
223 75.7563 0.84137
223.1 75.836 0.752137
223.2 75.9065 0.657936
223.3 75.9675 0.560568
223.4 76.0186 0.46144
223.5 76.0597 0.36157
223.6 76.0909 0.261612
223.7 76.1121 0.161914
223.8 76.1233 0.0625777
223.9 76.1246 -0.0364712
224 76.116 -0.135414
224.1 76.0975 -0.234468
224.2 76.0691 -0.333813
224.3 76.0307 -0.433521
224.4 75.9824 -0.533483
224.5 75.924 -0.633336
224.6 75.8557 -0.732392
224.7 75.7776 -0.829583
224.8 75.6899 -0.923425
224.9 75.5931 -1.01201
225 75.4878 -1.09307
225.1 75.3748 -1.16405
225.2 75.2554 -1.22233
225.3 75.1309 -1.26539
225.4 75.0029 -1.29112
225.5 74.8733 -1.29808
225.6 74.7439 -1.28564
225.7 74.6168 -1.25414
225.8 74.4937 -1.20486
225.9 74.3763 -1.13992
226 74.2661 -1.06199
226.1 74.1643 -0.974123
226.2 74.0715 -0.879411
226.3 73.9885 -0.780796
226.4 73.9154 -0.68089
226.5 73.8523 -0.581872
226.6 73.799 -0.48545
226.7 73.7551 -0.392858
226.8 73.7202 -0.304899
226.9 73.6939 -0.221994
227 73.6757 -0.144247
227.1 73.6649 -0.0715029
227.2 73.6612 -0.00340221
227.3 73.6641 0.0605726
227.4 73.6732 0.121059
227.5 73.6882 0.178782
227.6 73.7089 0.234533
227.7 73.7351 0.289151
227.8 73.7667 0.343507
227.9 73.8038 0.398487
228 73.8465 0.454985
228.1 73.8949 0.513883
228.2 73.9494 0.576026
228.3 74.0102 0.642201
228.4 74.078 0.713091
228.5 74.153 0.789226
228.6 74.236 0.870912
228.7 74.3274 0.95815
228.8 74.4278 1.05053
228.9 74.5376 1.14714
229 74.6573 1.24643
229.1 74.7869 1.34618
229.2 74.9265 1.4434
229.3 75.0754 1.5345
229.4 75.233 1.61536
229.5 75.398 1.68171
229.6 75.5687 1.72957
229.7 75.7432 1.75572
229.8 75.9191 1.75815
229.9 76.094 1.73647
230 76.2656 1.69195
230.1 76.4317 1.62741
230.2 76.5906 1.54686
230.3 76.7407 1.45505
230.4 76.8814 1.3569
230.5 77.0121 1.25711
230.6 77.1329 1.15987
230.7 77.2442 1.06865
230.8 77.3469 0.986141
230.9 77.4418 0.914339
231 77.5302 0.854586
231.1 77.6132 0.807697
231.2 77.6922 0.774071
231.3 77.7684 0.75379
231.4 77.8433 0.746706
231.5 77.9182 0.752502
231.6 77.9943 0.770744
231.7 78.0727 0.800908
231.8 78.1548 0.842396
231.9 78.2416 0.894539
232 78.3341 0.956594
232.1 78.4332 1.02772
232.2 78.5399 1.10697
232.3 78.6548 1.19326
232.4 78.7787 1.28532
232.5 78.912 1.38172
232.6 79.0552 1.4808
232.7 79.2082 1.58071
232.8 79.3713 1.67938
232.9 79.544 1.7746
233 79.726 1.86406
233.1 79.9165 1.94541
233.2 80.1147 2.01644
233.3 80.3194 2.07513
233.4 80.5293 2.11984
233.5 80.7429 2.14936
233.6 80.9586 2.16302
233.7 81.1749 2.16071
233.8 81.3902 2.14287
233.9 81.603 2.11041
234 81.8119 2.0646
234.1 82.0156 2.00699
234.2 82.2129 1.93926
234.3 82.4031 1.86309
234.4 82.5853 1.78012
234.5 82.759 1.69182
234.6 82.9236 1.59949
234.7 83.0788 1.50424
234.8 83.2243 1.40695
234.9 83.3601 1.30834
235 83.486 1.20893
235.1 83.6019 1.10911
235.2 83.7078 1.00913
235.3 83.8037 0.90915
235.4 83.8896 0.809252
235.5 83.9656 0.709462
235.6 84.0315 0.609766
235.7 84.0875 0.510129
235.8 84.1336 0.410503
235.9 84.1696 0.310841
236 84.1957 0.211104
236.1 84.2118 0.111272
236.2 84.218 0.0113455
236.3 84.2141 -0.0886425
236.4 84.2002 -0.188626
236.5 84.1764 -0.288497
236.6 84.1426 -0.388105
236.7 84.0988 -0.487247
236.8 84.0451 -0.585671
236.9 83.9817 -0.683064
237 83.9086 -0.779057
237.1 83.8259 -0.873221
237.2 83.734 -0.965065
237.3 83.633 -1.05404
237.4 83.5233 -1.13955
237.5 83.4052 -1.22096
237.6 83.2793 -1.29758
237.7 83.1459 -1.36872
237.8 83.0057 -1.43369
237.9 82.8594 -1.49181
238 82.7076 -1.54245
238.1 82.5512 -1.58504
238.2 82.3909 -1.61909
238.3 82.2277 -1.64423
238.4 82.0624 -1.66019
238.5 81.8959 -1.66685
238.6 81.7293 -1.66421
238.7 81.5634 -1.65241
238.8 81.3991 -1.63171
238.9 81.2373 -1.60247
239 81.0789 -1.56517
239.1 80.9246 -1.52033
239.2 80.7751 -1.46854
239.3 80.6311 -1.41042
239.4 80.4932 -1.3466
239.5 80.3619 -1.27768
239.6 80.2378 -1.20427
239.7 80.1212 -1.12693
239.8 80.0125 -1.04619
239.9 79.912 -0.962537
240 79.8201 -0.8764
240.1 79.7368 -0.78817
240.2 79.6625 -0.69819
240.3 79.5972 -0.606762
240.4 79.5412 -0.514146
240.5 79.4944 -0.42057
240.6 79.4571 -0.32623
240.7 79.4292 -0.231298
240.8 79.4109 -0.135922
240.9 79.402 -0.0402359
241 79.4028 0.0556377
241.1 79.4132 0.151584
241.2 79.4331 0.247487
241.3 79.4627 0.343231
241.4 79.5018 0.438688
241.5 79.5504 0.533714
241.6 79.6085 0.628147
241.7 79.676 0.721794
241.8 79.7528 0.81443
241.9 79.8388 0.905785
242 79.9339 0.995544
242.1 80.0379 1.08333
242.2 80.1505 1.16872
242.3 80.2715 1.2512
242.4 80.4006 1.33022
242.5 80.5374 1.40513
242.6 80.6815 1.47524
242.7 80.8323 1.53981
242.8 80.9892 1.59804
242.9 81.1517 1.64915
243 81.3188 1.69233
243.1 81.4898 1.72683
243.2 81.6639 1.75198
243.3 81.8399 1.76719
243.4 82.017 1.77205
243.5 82.194 1.76628
243.6 82.3699 1.74979
243.7 82.5436 1.72272
243.8 82.7141 1.68536
243.9 82.8803 1.6382
244 83.0414 1.5819
244.1 83.1964 1.51723
244.2 83.3446 1.44508
244.3 83.4852 1.36637
244.4 83.6177 1.28207
244.5 83.7415 1.19313
244.6 83.8562 1.10046
244.7 83.9615 1.00492
244.8 84.0571 0.907307
244.9 84.1429 0.808316
245 84.2187 0.708567
245.1 84.2846 0.608585
245.2 84.3405 0.508809
245.3 84.3864 0.409593
245.4 84.4224 0.311209
245.5 84.4486 0.213859
245.6 84.4652 0.117674
245.7 84.4722 0.0227245
245.8 84.4698 -0.0709781
245.9 84.4581 -0.163473
246 84.4371 -0.254846
246.1 84.4071 -0.345229
246.2 84.3681 -0.434791
246.3 84.3202 -0.523737
246.4 84.2634 -0.612303
246.5 84.1977 -0.700752
246.6 84.1232 -0.789366
246.7 84.0398 -0.878438
246.8 83.9475 -0.968265
246.9 83.8462 -1.05913
247 83.7356 -1.15129
247.1 83.6158 -1.24495
247.2 83.4866 -1.34022
247.3 83.3478 -1.43711
247.4 83.1991 -1.53547
247.5 83.0406 -1.63495
247.6 82.8721 -1.7349
247.7 82.6937 -1.83441
247.8 82.5053 -1.93217
247.9 82.3073 -2.02648
248 82.1002 -2.11528
248.1 81.8845 -2.19613
248.2 81.6613 -2.26636
248.3 81.4317 -2.32322
248.4 81.1972 -2.3641
248.5 80.9595 -2.3868
248.6 80.7205 -2.3898
248.7 80.4822 -2.37247
248.8 80.2467 -2.33523
248.9 80.0158 -2.27954
249 79.7913 -2.20786
249.1 79.5746 -2.12339
249.2 79.3669 -2.02986
249.3 79.1688 -1.93124
249.4 78.9807 -1.83148
249.5 78.8025 -1.73434
249.6 78.6336 -1.64323
249.7 78.4735 -1.56118
249.8 78.321 -1.49077
249.9 78.1749 -1.4342
250 78.0337 -1.39322
250.1 77.8957 -1.36924
250.2 77.7592 -1.36324
250.3 77.6224 -1.3758
250.4 77.4834 -1.40698
250.5 77.3404 -1.45624
250.6 77.1916 -1.52227
250.7 77.0355 -1.60281
250.8 76.8707 -1.69454
250.9 76.6964 -1.79292
251 76.5121 -1.89229
251.1 76.3181 -1.98606
251.2 76.1153 -2.06725
251.3 75.9053 -2.12918
251.4 75.6903 -2.16641
251.5 75.4729 -2.17554
251.6 75.2561 -2.15574
251.7 75.0427 -2.10895
251.8 74.8351 -2.03945
251.9 74.6354 -1.95319
252 74.4448 -1.85686
252.1 74.2641 -1.75712
252.2 74.0933 -1.65992
252.3 73.9319 -1.57021
252.4 73.7789 -1.49175
252.5 73.633 -1.4272
252.6 73.4929 -1.37825
252.7 73.3568 -1.34578
252.8 73.2232 -1.3301
252.9 73.0903 -1.33101
253 72.9565 -1.348
253.1 72.8202 -1.3803
253.2 72.6799 -1.42689
253.3 72.5343 -1.48659
253.4 72.3822 -1.55798
253.5 72.2224 -1.63942
253.6 72.0541 -1.72902
253.7 71.8764 -1.82459
253.8 71.689 -1.92365
253.9 71.4917 -2.02343
254 71.2844 -2.12091
254.1 71.0677 -2.21289
254.2 70.8421 -2.29616
254.3 70.6088 -2.36765
254.4 70.3691 -2.42463
254.5 70.1245 -2.46489
254.6 69.8767 -2.48698
254.7 69.6277 -2.49021
254.8 69.3793 -2.47479
254.9 69.1333 -2.44167
255 68.8915 -2.39248
255.1 68.6553 -2.32931
255.2 68.426 -2.25452
255.3 68.2047 -2.17052
255.4 67.9921 -2.07966
255.5 67.7889 -1.98407
255.6 67.5954 -1.88561
255.7 67.4118 -1.78583
255.8 67.2383 -1.68598
255.9 67.0746 -1.587
256 66.9208 -1.48961
256.1 66.7766 -1.3943
256.2 66.6419 -1.30139
256.3 66.5163 -1.21106
256.4 66.3996 -1.1234
256.5 66.2915 -1.03842
256.6 66.1918 -0.956092
256.7 66.1002 -0.876344
256.8 66.0164 -0.799092
256.9 65.9403 -0.724249
257 65.8715 -0.651727
257.1 65.8099 -0.581448
257.2 65.7551 -0.513345
257.3 65.7071 -0.447366
257.4 65.6656 -0.383474
257.5 65.6304 -0.321648
257.6 65.6012 -0.261884
257.7 65.5779 -0.204192
257.8 65.5603 -0.148599
257.9 65.5481 -0.0951417
258 65.5412 -0.0438719
258.1 65.5393 0.00514945
258.2 65.5422 0.0518524
258.3 65.5496 0.0961599
258.4 65.5613 0.137989
258.5 65.5771 0.177254
258.6 65.5967 0.213865
258.7 65.6198 0.247735
258.8 65.6461 0.278777
258.9 65.6754 0.306905
259 65.7074 0.332041
259.1 65.7417 0.354112
259.2 65.7781 0.373051
259.3 65.8162 0.388802
259.4 65.8558 0.401319
259.5 65.8964 0.410564
259.6 65.9378 0.416515
259.7 65.9796 0.419157
259.8 66.0215 0.418493
259.9 66.0632 0.414534
260 66.1043 0.407308
260.1 66.1445 0.39685
260.2 66.1836 0.383213
260.3 66.2211 0.366455
260.4 66.2567 0.346651
260.5 66.2903 0.323879
260.6 66.3214 0.298229
260.7 66.3498 0.269796
260.8 66.3753 0.238683
260.9 66.3975 0.204994
261 66.4162 0.168837
261.1 66.4312 0.130321
261.2 66.4422 0.0895526
261.3 66.449 0.0466373
261.4 66.4515 0.00167578
261.5 66.4493 -0.0452371
261.6 66.4423 -0.0940141
261.7 66.4304 -0.144578
261.8 66.4134 -0.196861
261.9 66.391 -0.250811
262 66.3632 -0.306388
262.1 66.3297 -0.363567
262.2 66.2904 -0.422345
262.3 66.2452 -0.482734
262.4 66.1938 -0.544767
262.5 66.1361 -0.608499
262.6 66.072 -0.674005
262.7 66.0013 -0.741385
262.8 65.9237 -0.810754
262.9 65.8391 -0.882249
263 65.7472 -0.956022
263.1 65.6478 -1.03223
263.2 65.5406 -1.11104
263.3 65.4255 -1.1926
263.4 65.302 -1.27704
263.5 65.17 -1.36442
263.6 65.029 -1.45477
263.7 64.8789 -1.54797
263.8 64.7194 -1.64377
263.9 64.5501 -1.74174
264 64.371 -1.84119
264.1 64.1818 -1.94113
264.2 63.9828 -2.04024
264.3 63.7739 -2.13681
264.4 63.5555 -2.22877
264.5 63.3284 -2.31367
264.6 63.0931 -2.38884
264.7 62.851 -2.45147
264.8 62.6034 -2.49886
264.9 62.3518 -2.52866
265 62.0983 -2.53912
265.1 61.8447 -2.52934
265.2 61.5931 -2.4994
265.3 61.3454 -2.45044
265.4 61.1035 -2.38459
265.5 60.869 -2.30475
265.6 60.6429 -2.21445
265.7 60.4263 -2.11749
265.8 60.2195 -2.01774
265.9 60.0227 -1.91896
266 59.8356 -1.8246
266.1 59.6576 -1.73776
266.2 59.4877 -1.66117
266.3 59.3249 -1.59713
266.4 59.1678 -1.54761
266.5 59.0148 -1.51419
266.6 58.8644 -1.49813
266.7 58.7146 -1.50029
266.8 58.5637 -1.5211
266.9 58.4098 -1.56045
267 58.251 -1.61752
267.1 58.0857 -1.69063
267.2 57.9124 -1.77702
267.3 57.73 -1.8727
267.4 57.5378 -1.97235
267.5 57.3356 -2.06953
267.6 57.1242 -2.157
267.7 56.9048 -2.22745
267.8 56.6795 -2.27439
267.9 56.4509 -2.29323
268 56.2219 -2.28198
268.1 55.9954 -2.24172
268.2 55.7743 -2.17641
268.3 55.5608 -2.09218
268.4 55.3563 -1.9964
268.5 55.1616 -1.8967
268.6 54.9768 -1.80014
268.7 54.8013 -1.71271
268.8 54.6338 -1.63908
268.9 54.4729 -1.5826
269 54.3167 -1.5454
269.1 54.1632 -1.52858
269.2 54.0103 -1.53236
269.3 53.856 -1.55624
269.4 53.6984 -1.59903
269.5 53.5356 -1.659
269.6 53.3661 -1.73379
269.7 53.1885 -1.82047
269.8 53.0017 -1.9155
269.9 52.8052 -2.01483
270 52.5988 -2.11393
270.1 52.3826 -2.20801
270.2 52.1575 -2.29228
270.3 51.9246 -2.36231
270.4 51.6856 -2.41435
270.5 51.4425 -2.44574
270.6 51.1972 -2.45506
270.7 50.9522 -2.44228
270.8 50.7095 -2.40864
270.9 50.4711 -2.3564
271 50.2387 -2.28851
271.1 50.0138 -2.20829
271.2 49.7974 -2.11901
271.3 49.5902 -2.02372
271.4 49.3927 -1.92506
271.5 49.2052 -1.82516
271.6 49.0277 -1.72565
271.7 48.86 -1.62771
271.8 48.7021 -1.53207
271.9 48.5535 -1.43917
272 48.4141 -1.34915
272.1 48.2836 -1.26197
272.2 48.1616 -1.17745
272.3 48.048 -1.09529
272.4 47.9425 -1.01516
272.5 47.8449 -0.936656
272.6 47.7551 -0.859397
272.7 47.673 -0.782986
272.8 47.5985 -0.707039
272.9 47.5316 -0.631193
273 47.4723 -0.555109
273.1 47.4206 -0.478474
273.2 47.3766 -0.401003
273.3 47.3405 -0.322444
273.4 47.3122 -0.242573
273.5 47.292 -0.161199
273.6 47.28 -0.0781616
273.7 47.2764 0.00666353
273.8 47.2814 0.0933673
273.9 47.2952 0.182003
274 47.3179 0.272581
274.1 47.3497 0.365071
274.2 47.3909 0.459387
274.3 47.4417 0.555391
274.4 47.5021 0.652879
274.5 47.5723 0.751575
274.6 47.6524 0.851124
274.7 47.7425 0.951079
274.8 47.8426 1.0509
274.9 47.9527 1.14994
275 48.0726 1.24744
275.1 48.2021 1.34255
275.2 48.341 1.43432
275.3 48.4888 1.52168
275.4 48.6451 1.60355
275.5 48.8093 1.67876
275.6 48.9806 1.74618
275.7 49.1582 1.80472
275.8 49.3412 1.85338
275.9 49.5286 1.8913
276 49.7191 1.91783
276.1 49.9117 1.93251
276.2 50.1052 1.93517
276.3 50.2984 1.92586
276.4 50.49 1.90489
276.5 50.679 1.8728
276.6 50.8642 1.8303
276.7 51.0447 1.77827
276.8 51.2196 1.71766
276.9 51.388 1.64947
277 51.5492 1.57472
277.1 51.7027 1.49439
277.2 51.848 1.40941
277.3 51.9845 1.32062
277.4 52.112 1.22877
277.5 52.2302 1.13452
277.6 52.3388 1.03843
277.7 52.4378 0.940972
277.8 52.527 0.84253
277.9 52.6063 0.74341
278 52.6757 0.64385
278.1 52.7351 0.544029
278.2 52.7845 0.444077
278.3 52.8239 0.34408
278.4 52.8533 0.244093
278.5 52.8727 0.144141
278.6 52.8821 0.0442306
278.7 52.8815 -0.0556484
278.8 52.871 -0.155514
278.9 52.8504 -0.25539
279 52.8199 -0.355294
279.1 52.7794 -0.45524
279.2 52.7288 -0.555224
279.3 52.6683 -0.655221
279.4 52.5978 -0.755175
279.5 52.5173 -0.854986
279.6 52.4268 -0.954508
279.7 52.3264 -1.05352
279.8 52.2161 -1.15175
279.9 52.0961 -1.24879
280 51.9664 -1.34417
280.1 51.8273 -1.43728
280.2 51.6791 -1.5274
280.3 51.522 -1.61367
280.4 51.3565 -1.69511
280.5 51.1832 -1.77062
280.6 51.0026 -1.83904
280.7 50.8156 -1.89912
280.8 50.6231 -1.94964
280.9 50.4261 -1.98945
281 50.2256 -2.01749
281.1 50.023 -2.03293
281.2 49.8195 -2.0352
281.3 49.6164 -2.02402
281.4 49.4151 -1.99948
281.5 49.2169 -1.96199
281.6 49.0231 -1.9123
281.7 48.8348 -1.85143
281.8 48.6532 -1.78065
281.9 48.479 -1.70136
282 48.3131 -1.61506
282.1 48.1562 -1.52328
282.2 48.0086 -1.42749
282.3 47.8708 -1.32909
282.4 47.7428 -1.22936
282.5 47.6249 -1.12947
282.6 47.5169 -1.03042
282.7 47.4188 -0.933101
282.8 47.3302 -0.838248
282.9 47.251 -0.746495
283 47.1808 -0.658369
283.1 47.1192 -0.574306
283.2 47.0658 -0.494671
283.3 47.0201 -0.419767
283.4 46.9817 -0.349849
283.5 46.95 -0.285136
283.6 46.9245 -0.225819
283.7 46.9046 -0.172069
283.8 46.8898 -0.124044
283.9 46.8796 -0.0818922
284 46.8733 -0.0457568
284.1 46.8702 -0.0157793
284.2 46.8699 0.00789963
284.3 46.8716 0.0251386
284.4 46.8747 0.035796
284.5 46.8785 0.03973
284.6 46.8824 0.0368012
284.7 46.8857 0.0268744
284.8 46.8876 0.00982304
284.9 46.8874 -0.0144659
285 46.8844 -0.0460848
285.1 46.8779 -0.0850965
285.2 46.8672 -0.131524
285.3 46.8514 -0.185334
285.4 46.8299 -0.246426
285.5 46.8019 -0.314608
285.6 46.7667 -0.389573
285.7 46.7237 -0.470882
285.8 46.6723 -0.557928
285.9 46.612 -0.649919
286 46.5422 -0.745849
286.1 46.4627 -0.844485
286.2 46.3733 -0.944359
286.3 46.2739 -1.04378
286.4 46.1646 -1.14085
286.5 46.0458 -1.23356
286.6 45.9181 -1.31979
286.7 45.7822 -1.39749
286.8 45.639 -1.46473
286.9 45.4896 -1.51986
287 45.3354 -1.56159
287.1 45.1778 -1.58907
287.2 45.0181 -1.60195
287.3 44.8579 -1.60038
287.4 44.6985 -1.58492
287.5 44.5413 -1.55654
287.6 44.3876 -1.51648
287.7 44.2384 -1.46612
287.8 44.0947 -1.40692
287.9 43.9572 -1.34033
288 43.8268 -1.2677
288.1 43.7039 -1.19025
288.2 43.5889 -1.10907
288.3 43.4821 -1.02507
288.4 43.3839 -0.939045
288.5 43.2944 -0.851673
288.6 43.2136 -0.763535
288.7 43.1417 -0.675152
288.8 43.0786 -0.587015
288.9 43.0242 -0.499605
289 42.9786 -0.413422
289.1 42.9415 -0.328992
289.2 42.9127 -0.246885
289.3 42.892 -0.167712
289.4 42.8791 -0.0921217
289.5 42.8735 -0.0207898
289.6 42.8747 0.0456027
289.7 42.8824 0.106392
289.8 42.8958 0.160963
289.9 42.9144 0.208775
290 42.9373 0.249394
290.1 42.964 0.282513
290.2 42.9936 0.307974
290.3 43.0253 0.325777
290.4 43.0585 0.336078
290.5 43.0923 0.339186
290.6 43.1261 0.335543
290.7 43.1592 0.325712
290.8 43.1911 0.310346
290.9 43.2211 0.290171
291 43.249 0.265966
291.1 43.2742 0.238537
291.2 43.2966 0.208711
291.3 43.3159 0.177323
291.4 43.332 0.145205
291.5 43.3449 0.113187
291.6 43.3547 0.0820903
291.7 43.3614 0.0527225
291.8 43.3653 0.0258742
291.9 43.3667 0.00231005
292 43.3659 -0.017242
292.1 43.3634 -0.0321049
292.2 43.3597 -0.041669
292.3 43.3553 -0.0454097
292.4 43.3508 -0.0429052
292.5 43.3469 -0.0338525
292.6 43.3442 -0.0180788
292.7 43.3435 0.00445197
292.8 43.3454 0.0336388
292.9 43.3505 0.0692503
293 43.3594 0.110938
293.1 43.3728 0.158251
293.2 43.3912 0.210662
293.3 43.4151 0.267582
293.4 43.4449 0.328383
293.5 43.4809 0.392419
293.6 43.5234 0.459029
293.7 43.5728 0.527553
293.8 43.629 0.597328
293.9 43.6923 0.667684
294 43.7625 0.737935
294.1 43.8398 0.807366
294.2 43.924 0.875222
294.3 44.0148 0.940686
294.4 44.112 1.00287
294.5 44.2152 1.06082
294.6 44.324 1.11351
294.7 44.4377 1.15982
294.8 44.5557 1.19865
294.9 44.6771 1.22887
295 44.8011 1.2494
295.1 44.9267 1.25931
295.2 45.0526 1.25784
295.3 45.1778 1.24446
295.4 45.3011 1.21895
295.5 45.4212 1.18143
295.6 45.537 1.13233
295.7 45.6473 1.07241
295.8 45.7512 1.00272
295.9 45.8476 0.924501
296 45.9358 0.839165
296.1 46.0152 0.748172
296.2 46.0853 0.652982
296.3 46.1457 0.554986
296.4 46.1963 0.455452
296.5 46.2368 0.355494
296.6 46.2674 0.256051
296.7 46.2881 0.157874
296.8 46.299 0.0615267
296.9 46.3004 -0.0326021
297 46.2926 -0.12429
297.1 46.2757 -0.213464
297.2 46.25 -0.300184
297.3 46.2157 -0.384629
297.4 46.1731 -0.467077
297.5 46.1223 -0.547895
297.6 46.0636 -0.62752
297.7 45.9969 -0.70645
297.8 45.9223 -0.785228
297.9 45.8398 -0.864425
298 45.7494 -0.944624
298.1 45.6508 -1.0264
298.2 45.544 -1.11028
298.3 45.4287 -1.19672
298.4 45.3046 -1.28606
298.5 45.1714 -1.37846
298.6 45.0288 -1.4738
298.7 44.8765 -1.57167
298.8 44.7144 -1.67121
298.9 44.5423 -1.77105
299 44.3602 -1.86926
299.1 44.1686 -1.96328
299.2 43.9678 -2.05003
299.3 43.7589 -2.12596
299.4 43.5431 -2.18739
299.5 43.322 -2.23077
299.6 43.0977 -2.25321
299.7 42.8722 -2.2528
299.8 42.6479 -2.22905
299.9 42.4271 -2.18298
300 42.2119 -2.11718
300.1 42.0042 -2.03548
300.2 41.8052 -1.94265
300.3 41.6159 -1.84389
300.4 41.4365 -1.74445
300.5 41.2668 -1.64925
300.6 41.1063 -1.56268
300.7 40.9539 -1.48847
300.8 40.8081 -1.42961
300.9 40.6674 -1.38842
301 40.5298 -1.36651
301.1 40.3934 -1.36483
301.2 40.2561 -1.38366
301.3 40.116 -1.42253
301.4 39.971 -1.48016
301.5 39.8194 -1.55432
301.6 39.6597 -1.64176
301.7 39.4908 -1.73807
301.8 39.312 -1.83779
301.9 39.1233 -1.93458
302 38.9254 -2.02162
302.1 38.7195 -2.09228
302.2 38.5077 -2.14086
302.3 38.2922 -2.16339
302.4 38.0759 -2.15814
302.5 37.8615 -2.12584
302.6 37.6516 -2.06948
302.7 37.4483 -1.99378
302.8 37.2533 -1.90434
302.9 37.0676 -1.80702
303 36.8919 -1.70721
303.1 36.7261 -1.60953
303.2 36.5698 -1.51758
303.3 36.4223 -1.43401
303.4 36.2827 -1.36053
303.5 36.1499 -1.29816
303.6 36.0227 -1.24731
303.7 35.9 -1.20801
303.8 35.7807 -1.18001
303.9 35.6636 -1.16289
304 35.5478 -1.15613
304.1 35.4321 -1.15918
304.2 35.3156 -1.17152
304.3 35.1975 -1.19263
304.4 35.0768 -1.22207
304.5 34.9528 -1.25943
304.6 34.8247 -1.30435
304.7 34.6917 -1.35654
304.8 34.5532 -1.4157
304.9 34.4083 -1.48156
305 34.2566 -1.55386
305.1 34.0974 -1.63224
305.2 33.93 -1.71632
305.3 33.7539 -1.80553
305.4 33.5687 -1.89916
305.5 33.374 -1.99625
305.6 33.1694 -2.09554
305.7 32.9549 -2.19544
305.8 32.7304 -2.29395
305.9 32.4962 -2.38873
306 32.2528 -2.47707
306.1 32.0011 -2.55601
306.2 31.7421 -2.62251
306.3 31.4771 -2.67368
306.4 31.2079 -2.70699
306.5 30.9364 -2.7206
306.6 30.6645 -2.71353
306.7 30.3943 -2.68588
306.8 30.128 -2.63879
306.9 29.8672 -2.57442
307 29.6136 -2.49573
307.1 29.3684 -2.40623
307.2 29.1325 -2.30974
307.3 28.9065 -2.21011
307.4 28.6905 -2.11103
307.5 28.4842 -2.01591
307.6 28.2871 -1.9278
307.7 28.0983 -1.84938
307.8 27.9168 -1.78292
307.9 27.7413 -1.7304
308 27.5702 -1.69341
308.1 27.402 -1.67329
308.2 27.235 -1.67101
308.3 27.0672 -1.68715
308.4 26.8969 -1.72183
308.5 26.7222 -1.77449
308.6 26.5415 -1.84377
308.7 26.353 -1.9272
308.8 26.1557 -2.02111
308.9 25.9486 -2.12039
309 25.7316 -2.21865
309.1 25.5052 -2.30849
309.2 25.2705 -2.3822
309.3 25.0295 -2.43273
309.4 24.7849 -2.45478
309.5 24.5396 -2.44581
309.6 24.2967 -2.40659
309.7 24.0591 -2.34111
309.8 23.8292 -2.25598
309.9 23.6083 -2.15935
310 23.3974 -2.05979
310.1 23.1962 -1.96534
310.2 23.0039 -1.88287
310.3 22.819 -1.81774
310.4 22.6397 -1.77372
310.5 22.4635 -1.75308
310.6 22.2882 -1.7567
310.7 22.1114 -1.78416
310.8 21.9307 -1.83385
310.9 21.744 -1.903
311 21.5495 -1.98766
311.1 21.3461 -2.08281
311.2 21.1328 -2.18242
311.3 20.9097 -2.27978
311.4 20.6772 -2.36795
311.5 20.4366 -2.44033
311.6 20.1898 -2.49141
311.7 19.9392 -2.51736
311.8 19.6872 -2.51653
311.9 19.4367 -2.48949
312 19.1901 -2.43885
312.1 18.9496 -2.36869
312.2 18.7169 -2.28394
312.3 18.4931 -2.18969
312.4 18.2791 -2.09069
312.5 18.075 -1.99101
312.6 17.8808 -1.8939
312.7 17.6961 -1.80173
312.8 17.5203 -1.71613
312.9 17.3526 -1.63807
313 17.1924 -1.56803
313.1 17.0387 -1.50612
313.2 16.8909 -1.45219
313.3 16.748 -1.40594
313.4 16.6095 -1.36698
313.5 16.4744 -1.33491
313.6 16.3423 -1.3093
313.7 16.2123 -1.28977
313.8 16.0841 -1.27601
313.9 15.957 -1.26775
314 15.8304 -1.26481
