0 1 0
0.1 0.995841 -0.0826822
0.2 0.983577 -0.161953
0.3 0.963589 -0.237036
0.4 0.936337 -0.307095
0.5 0.902367 -0.371253
0.6 0.862313 -0.428628
0.7 0.816897 -0.478363
0.8 0.766922 -0.519671
0.9 0.713266 -0.551881
1 0.656866 -0.574471
1.1 0.598704 -0.587105
1.2 0.539782 -0.589652
1.3 0.481107 -0.582197
1.4 0.423667 -0.56503
1.5 0.36841 -0.538632
1.6 0.316227 -0.503639
1.7 0.267943 -0.460809
1.8 0.224299 -0.41098
1.9 0.185951 -0.355033
2 0.153467 -0.293856
2.1 0.127325 -0.228319
2.2 0.107921 -0.159254
2.3 0.0955658 -0.0874506
2.4 0.0904973 -0.0136474
2.5 0.0928797 0.0614566
2.6 0.10281 0.137192
2.7 0.120317 0.212905
2.8 0.145368 0.287938
2.9 0.17786 0.361614
3 0.217622 0.433218
3.1 0.264409 0.501989
3.2 0.317898 0.567109
3.3 0.37768 0.627709
3.4 0.443258 0.682872
3.5 0.514042 0.731659
3.6 0.589346 0.773131
3.7 0.668394 0.80639
3.8 0.750323 0.83062
3.9 0.834194 0.845131
4 0.919007 0.849403
4.1 1.00372 0.84312
4.2 1.08728 0.826193
4.3 1.16861 0.798769
4.4 1.24669 0.761222
4.5 1.32054 0.714131
4.6 1.38922 0.658245
4.7 1.45192 0.594434
4.8 1.50788 0.523644
4.9 1.55645 0.446846
5 1.59708 0.364995
5.1 1.62931 0.278991
5.2 1.65277 0.189657
5.3 1.66715 0.0977182
5.4 1.67224 0.00379449
5.5 1.66786 -0.0915968
5.6 1.65389 -0.188036
5.7 1.63023 -0.285185
5.8 1.59684 -0.382777
5.9 1.55367 -0.480588
6 1.50072 -0.57842
6.1 1.43799 -0.676076
6.2 1.36552 -0.77333
6.3 1.28335 -0.86991
6.4 1.19157 -0.965462
6.5 1.09031 -1.05953
6.6 0.979733 -1.15155
6.7 0.860089 -1.24078
6.8 0.731697 -1.32638
6.9 0.594968 -1.40732
7 0.450425 -1.48246
7.1 0.298712 -1.55053
7.2 0.140599 -1.61022
7.3 -0.02301 -1.66023
7.4 -0.191082 -1.6993
7.5 -0.362469 -1.72636
7.6 -0.535926 -1.74058
7.7 -0.710138 -1.74141
7.8 -0.883756 -1.72869
7.9 -1.05543 -1.7026
8 -1.22385 -1.6637
8.1 -1.38777 -1.61289
8.2 -1.54607 -1.55132
8.3 -1.69772 -1.48031
8.4 -1.84186 -1.40132
8.5 -1.97777 -1.31578
8.6 -2.10485 -1.22512
8.7 -2.22266 -1.13062
8.8 -2.33088 -1.03344
8.9 -2.42929 -0.934577
9 -2.51777 -0.834834
9.1 -2.59625 -0.734856
9.2 -2.66475 -0.635117
9.3 -2.7233 -0.535947
9.4 -2.77196 -0.437544
9.5 -2.81083 -0.339996
9.6 -2.83999 -0.243296
9.7 -2.85952 -0.147367
9.8 -2.86949 -0.0520676
9.9 -2.86995 0.0427819
10 -2.86094 0.137392
10.1 -2.84247 0.231988
10.2 -2.81453 0.326796
10.3 -2.7771 0.422033
10.4 -2.73011 0.517889
10.5 -2.67349 0.614513
10.6 -2.60717 0.711996
10.7 -2.53106 0.810351
10.8 -2.44508 0.909497
10.9 -2.34914 1.00923
11 -2.24322 1.10921
11.1 -2.12731 1.20892
11.2 -2.00147 1.30768
11.3 -1.86584 1.40458
11.4 -1.72065 1.49854
11.5 -1.56627 1.58827
11.6 -1.40319 1.67231
11.7 -1.23205 1.74907
11.8 -1.05367 1.81693
11.9 -0.869016 1.87428
12 -0.679214 1.91964
12.1 -0.48553 1.95176
12.2 -0.289335 1.96974
12.3 -0.0920723 1.97306
12.4 0.104784 1.96165
12.5 0.299779 1.9359
12.6 0.491513 1.89661
12.7 0.678687 1.84492
12.8 0.860129 1.78222
12.9 1.03481 1.71006
13 1.20188 1.63004
13.1 1.36061 1.54372
13.2 1.51046 1.45254
13.3 1.651 1.35779
13.4 1.78194 1.26057
13.5 1.90306 1.1618
13.6 2.01427 1.06216
13.7 2.11549 0.962199
13.8 2.20671 0.862265
13.9 2.28795 0.762582
14 2.35924 0.663256
14.1 2.42061 0.564299
14.2 2.47211 0.465656
14.3 2.51375 0.367222
14.4 2.54555 0.268865
14.5 2.56752 0.170446
14.6 2.57964 0.0718327
14.7 2.58188 -0.0270785
14.8 2.57421 -0.126347
14.9 2.5566 -0.22597
15 2.52901 -0.325865
15.1 2.49142 -0.425851
15.2 2.44384 -0.525633
15.3 2.38631 -0.624787
15.4 2.31893 -0.722744
15.5 2.24183 -0.818788
15.6 2.15526 -0.912052
15.7 2.05954 -1.00153
15.8 1.95512 -1.08609
15.9 1.84253 -1.16451
16 1.72246 -1.23554
16.1 1.59571 -1.29794
16.2 1.4632 -1.35055
16.3 1.32596 -1.39235
16.4 1.18512 -1.42254
16.5 1.04186 -1.44061
16.6 0.89741 -1.44631
16.7 0.753007 -1.43974
16.8 0.60986 -1.42126
16.9 0.469131 -1.39153
17 0.331901 -1.35141
17.1 0.199161 -1.30192
17.2 0.0717927 -1.24416
17.3 -0.0494331 -1.17926
17.4 -0.163859 -1.10834
17.5 -0.270935 -1.03244
17.6 -0.370213 -0.952519
17.7 -0.461334 -0.86943
17.8 -0.544019 -0.783921
17.9 -0.618059 -0.696643
18 -0.683307 -0.608161
18.1 -0.739668 -0.518977
18.2 -0.787094 -0.429551
18.3 -0.825585 -0.340323
18.4 -0.855181 -0.251742
18.5 -0.87597 -0.164278
18.6 -0.888091 -0.0784534
18.7 -0.891735 0.00515335
18.8 -0.887156 0.0858915
18.9 -0.874676 0.163038
19 -0.854694 0.235802
19.1 -0.82769 0.303341
19.2 -0.794229 0.364779
19.3 -0.754967 0.419244
19.4 -0.710641 0.465902
19.5 -0.662072 0.503996
19.6 -0.610149 0.532893
19.7 -0.555816 0.552121
19.8 -0.500057 0.561393
19.9 -0.443872 0.560632
20 -0.388261 0.549972
20.1 -0.334197 0.529749
20.2 -0.282613 0.500481
20.3 -0.234381 0.462831
20.4 -0.1903 0.417576
20.5 -0.151091 0.36556
20.6 -0.117384 0.307663
20.7 -0.089725 0.244766
20.8 -0.0685694 0.177724
20.9 -0.0542911 0.107354
21 -0.0471839 0.034426
21.1 -0.0474671 -0.0403372
21.2 -0.0552897 -0.116252
21.3 -0.070734 -0.192662
21.4 -0.0938171 -0.268921
21.5 -0.124492 -0.344377
21.6 -0.162643 -0.418351
21.7 -0.208089 -0.490126
21.8 -0.260569 -0.55893
21.9 -0.319748 -0.623937
22 -0.385201 -0.684263
22.1 -0.456414 -0.738979
22.2 -0.532778 -0.787133
22.3 -0.61359 -0.827776
22.4 -0.698052 -0.860007
22.5 -0.785283 -0.883011
22.6 -0.874324 -0.89611
22.7 -0.964158 -0.898799
22.8 -1.05373 -0.890789
22.9 -1.14196 -0.872022
23 -1.22778 -0.84268
23.1 -1.31015 -0.803179
23.2 -1.3881 -0.754136
23.3 -1.46069 -0.696335
23.4 -1.5271 -0.63068
23.5 -1.5866 -0.558141
23.6 -1.63853 -0.479711
23.7 -1.68237 -0.396356
23.8 -1.71767 -0.308983
23.9 -1.74406 -0.218414
24 -1.76127 -0.125369
24.1 -1.76908 -0.0304589
24.2 -1.76732 0.0658147
24.3 -1.75588 0.163049
24.4 -1.73469 0.26093
24.5 -1.70368 0.359213
24.6 -1.66284 0.457703
24.7 -1.61214 0.556236
24.8 -1.55159 0.65465
24.9 -1.48122 0.752764
25 -1.40106 0.850348
25.1 -1.31118 0.947102
25.2 -1.21168 1.04263
25.3 -1.10271 1.13641
25.4 -0.984477 1.22778
25.5 -0.857261 1.31593
25.6 -0.721431 1.39989
25.7 -0.577459 1.47856
25.8 -0.425937 1.55068
25.9 -0.267585 1.61493
26 -0.103258 1.66997
26.1 0.0660578 1.71448
26.2 0.239249 1.7473
26.3 0.415094 1.76744
26.4 0.592291 1.77423
26.5 0.769484 1.76735
26.6 0.945305 1.74683
26.7 1.11841 1.7131
26.8 1.28751 1.66695
26.9 1.45142 1.60945
27 1.60907 1.5419
27.1 1.75951 1.46574
27.2 1.90197 1.38243
27.3 2.03581 1.29345
27.4 2.16052 1.20014
27.5 2.27574 1.10375
27.6 2.3812 1.00533
27.7 2.47677 0.905789
27.8 2.56235 0.805824
27.9 2.63793 0.70598
28 2.70356 0.606643
28.1 2.75929 0.508059
28.2 2.8052 0.410354
28.3 2.84139 0.313554
28.4 2.86794 0.217605
28.5 2.88493 0.122386
28.6 2.89244 0.0277264
28.7 2.89049 -0.0665773
28.8 2.87913 -0.160751
28.9 2.85834 -0.255027
29 2.82811 -0.349636
29.1 2.78839 -0.444787
29.2 2.73913 -0.54066
29.3 2.68023 -0.637385
29.4 2.61162 -0.735028
29.5 2.5332 -0.833569
29.6 2.44488 -0.932886
29.7 2.3466 -1.03273
29.8 2.23833 -1.13269
29.9 2.12008 -1.2322
30 1.99193 -1.33049
30.1 1.85405 -1.42661
30.2 1.70672 -1.5194
30.3 1.55033 -1.60749
30.4 1.38543 -1.68939
30.5 1.21271 -1.76349
30.6 1.03304 -1.82816
30.7 0.847448 -1.88183
30.8 0.657093 -1.9231
30.9 0.46328 -1.95083
31 0.267405 -1.96424
31.1 0.0709222 -1.96296
31.2 -0.1247 -1.94709
31.3 -0.318025 -1.91713
31.4 -0.507688 -1.87402
31.5 -0.692431 -1.81897
31.6 -0.871131 -1.75342
31.7 -1.04282 -1.67895
31.8 -1.20668 -1.59712
31.9 -1.36205 -1.50945
32 -1.50842 -1.41733
32.1 -1.64541 -1.32197
32.2 -1.77274 -1.2244
32.3 -1.89024 -1.12545
32.4 -1.99781 -1.02576
32.5 -2.09538 -0.925787
32.6 -2.18296 -0.825847
32.7 -2.26056 -0.726121
32.8 -2.3282 -0.626684
32.9 -2.38591 -0.527529
33 -2.43371 -0.428592
33.1 -2.47163 -0.329771
33.2 -2.49967 -0.230944
33.3 -2.51781 -0.131995
33.4 -2.52606 -0.0328254
33.5 -2.52437 0.0666228
33.6 -2.51272 0.166352
33.7 -2.49109 0.266289
33.8 -2.45946 0.366268
33.9 -2.41785 0.466013
34 -2.36628 0.565125
34.1 -2.30486 0.663063
34.2 -2.23373 0.759145
34.3 -2.15312 0.852538
34.4 -2.06334 0.942271
34.5 -1.96482 1.02725
34.6 -1.85809 1.1063
34.7 -1.7438 1.17819
34.8 -1.62273 1.24169
34.9 -1.49578 1.29567
35 -1.36395 1.33909
35.1 -1.22834 1.37116
35.2 -1.09012 1.39132
35.3 -0.950485 1.39928
35.4 -0.810666 1.3951
35.5 -0.67186 1.37909
35.6 -0.535222 1.35186
35.7 -0.401836 1.31421
35.8 -0.272695 1.26713
35.9 -0.14869 1.21167
36 -0.0306021 1.14896
36.1 0.0808978 1.0801
36.2 0.185247 1.00612
36.3 0.281983 0.927981
36.4 0.370734 0.846559
36.5 0.451211 0.762616
36.6 0.523195 0.676821
36.7 0.586533 0.589765
36.8 0.641124 0.501976
36.9 0.68692 0.41394
37 0.723919 0.326125
37.1 0.752168 0.239008
37.2 0.771761 0.153087
37.3 0.782844 0.0689099
37.4 0.785621 -0.0129196
37.5 0.78036 -0.0917291
37.6 0.7674 -0.166778
37.7 0.747157 -0.237263
37.8 0.720128 -0.302335
37.9 0.686899 -0.361122
38 0.648142 -0.412763
38.1 0.604612 -0.456443
38.2 0.557143 -0.491438
38.3 0.506634 -0.517151
38.4 0.454037 -0.533152
38.5 0.400336 -0.539205
38.6 0.346529 -0.535279
38.7 0.293607 -0.521555
38.8 0.242533 -0.498409
38.9 0.194222 -0.46639
39 0.149528 -0.426188
39.1 0.109231 -0.378592
39.2 0.0740276 -0.324454
39.3 0.0445289 -0.26465
39.4 0.0212574 -0.200052
39.5 0.00465008 -0.131504
39.6 -0.00493837 -0.0598045
39.7 -0.00723092 0.0142932
39.8 -0.00202335 0.0900835
39.9 0.0108199 0.166898
40 0.031369 0.244094
40.1 0.0596302 0.321034
40.2 0.0955457 0.397071
40.3 0.138992 0.47153
40.4 0.189775 0.543689
40.5 0.247627 0.612774
40.6 0.312199 0.677947
40.7 0.383056 0.738313
40.8 0.459671 0.792932
40.9 0.541419 0.840839
41 0.627582 0.881075
41.1 0.717348 0.91273
41.2 0.809815 0.93499
41.3 0.904009 0.947176
41.4 0.998897 0.948796
41.5 1.09341 0.939576
41.6 1.18645 0.919482
41.7 1.27695 0.888724
41.8 1.36385 0.847747
41.9 1.44618 0.797202
42 1.523 0.737904
42.1 1.5935 0.670784
42.2 1.65693 0.596839
42.3 1.71267 0.517081
42.4 1.76019 0.432491
42.5 1.79904 0.343985
42.6 1.82888 0.25239
42.7 1.84944 0.158424
42.8 1.86051 0.0626929
42.9 1.86193 -0.0343107
43 1.85362 -0.132198
43.1 1.83548 -0.23067
43.2 1.80747 -0.329505
43.3 1.76957 -0.428534
43.4 1.72176 -0.527622
43.5 1.66405 -0.626642
43.6 1.59644 -0.725455
43.7 1.51897 -0.823878
43.8 1.43168 -0.921664
43.9 1.33467 -1.01847
44 1.22804 -1.11385
44.1 1.11196 -1.20721
44.2 0.986688 -1.29779
44.3 0.852529 -1.38469
44.4 0.709908 -1.46685
44.5 0.559358 -1.54305
44.6 0.40154 -1.61199
44.7 0.237249 -1.67228
44.8 0.0674187 -1.72256
44.9 -0.106886 -1.76155
45 -0.284479 -1.78818
45.1 -0.46408 -1.80159
45.2 -0.644339 -1.80129
45.3 -0.823876 -1.78714
45.4 -1.00131 -1.75942
45.5 -1.17533 -1.71877
45.6 -1.34467 -1.66616
45.7 -1.5082 -1.60282
45.8 -1.66492 -1.53016
45.9 -1.81397 -1.44967
46 -1.95464 -1.36285
46.1 -2.08638 -1.27113
46.2 -2.20875 -1.17582
46.3 -2.32146 -1.07806
46.4 -2.42432 -0.97885
46.5 -2.51721 -0.878966
46.6 -2.60011 -0.77903
46.7 -2.67303 -0.679493
46.8 -2.73603 -0.580659
46.9 -2.78919 -0.482703
47 -2.8326 -0.385691
47.1 -2.86636 -0.289597
47.2 -2.89055 -0.194325
47.3 -2.90525 -0.099721
47.4 -2.91051 -0.00559215
47.5 -2.90637 0.0882833
47.6 -2.89285 0.182141
47.7 -2.86994 0.276218
47.8 -2.83759 0.370741
47.9 -2.79577 0.465912
48 -2.74438 0.561895
48.1 -2.68336 0.658798
48.2 -2.61259 0.756657
48.3 -2.532 0.855419
48.4 -2.44148 0.954914
48.5 -2.341 1.05484
48.6 -2.23052 1.15473
48.7 -2.11007 1.25395
48.8 -1.97978 1.35167
48.9 -1.83982 1.44686
49 -1.69053 1.53828
49.1 -1.53234 1.62453
49.2 -1.36585 1.70407
49.3 -1.1918 1.77529
49.4 -1.01112 1.83656
49.5 -0.824875 1.88637
49.6 -0.634275 1.92341
49.7 -0.440654 1.94665
49.8 -0.245427 1.95546
49.9 -0.0500516 1.94961
50 0.144014 1.92935
50.1 0.335359 1.89532
50.2 0.522654 1.84855
50.3 0.704687 1.79034
50.4 0.880389 1.72216
50.5 1.04884 1.64557
50.6 1.20927 1.56212
50.7 1.36108 1.47327
50.8 1.50379 1.38034
50.9 1.63705 1.28448
51 1.76062 1.18663
51.1 1.87434 1.08756
51.2 1.97811 0.987831
51.3 2.0719 0.887856
51.4 2.15568 0.787902
51.5 2.22948 0.688114
51.6 2.29331 0.588544
51.7 2.3472 0.489172
51.8 2.39115 0.389932
51.9 2.42519 0.290729
52 2.4493 0.191463
52.1 2.46347 0.092047
52.2 2.4677 -0.00757366
52.3 2.46195 -0.107403
52.4 2.44621 -0.207374
52.5 2.42048 -0.307335
52.6 2.38476 -0.407027
52.7 2.33909 -0.506071
52.8 2.28358 -0.603955
52.9 2.21836 -0.700024
53 2.14366 -0.793483
53.1 2.05978 -0.883394
53.2 1.96714 -0.968701
53.3 1.86624 -1.04826
53.4 1.75772 -1.12086
53.5 1.64234 -1.18532
53.6 1.52096 -1.24049
53.7 1.39458 -1.28536
53.8 1.26426 -1.31911
53.9 1.13115 -1.34115
54 0.996434 -1.35119
54.1 0.861315 -1.34921
54.2 0.726984 -1.33549
54.3 0.59459 -1.31059
54.4 0.465214 -1.27526
54.5 0.339853 -1.23046
54.6 0.219405 -1.1772
54.7 0.104659 -1.11659
54.8 -0.00370345 -1.0497
54.9 -0.105107 -0.977578
55 -0.199077 -0.901186
55.1 -0.285231 -0.821398
55.2 -0.363269 -0.738996
55.3 -0.432966 -0.654668
55.4 -0.494159 -0.569026
55.5 -0.546746 -0.482623
55.6 -0.590676 -0.395969
55.7 -0.625948 -0.30956
55.8 -0.652612 -0.223896
55.9 -0.670769 -0.139502
56 -0.680574 -0.0569501
56.1 -0.682242 0.0231332
56.2 -0.676053 0.100056
56.3 -0.662361 0.173061
56.4 -0.641598 0.241336
56.5 -0.61428 0.304026
56.6 -0.581008 0.360263
56.7 -0.542471 0.409197
56.8 -0.499439 0.450032
56.9 -0.452758 0.482072
57 -0.403337 0.504757
57.1 -0.352132 0.517697
57.2 -0.300129 0.520698
57.3 -0.248323 0.513775
57.4 -0.197698 0.497147
57.5 -0.149204 0.471228
57.6 -0.103743 0.436595
57.7 -0.0621521 0.393959
57.8 -0.0251917 0.34412
57.9 0.00646037 0.287936
58 0.0322131 0.226279
58.1 0.0515626 0.160012
58.2 0.0640895 0.0899647
58.3 0.0694557 0.0169214
58.4 0.0673985 -0.0583828
58.5 0.0577267 -0.135259
58.6 0.0403161 -0.213055
58.7 0.0151062 -0.29114
58.8 -0.0179007 -0.368888
58.9 -0.058639 -0.445661
59 -0.106978 -0.520786
59.1 -0.162717 -0.593544
59.2 -0.225582 -0.663155
59.3 -0.295216 -0.728777
59.4 -0.371174 -0.789504
59.5 -0.452921 -0.844385
59.6 -0.539824 -0.892442
59.7 -0.63115 -0.932706
59.8 -0.726074 -0.964255
59.9 -0.823683 -0.986265
60 -0.922986 -0.998056
60.1 -1.02294 -0.999136
60.2 -1.12245 -0.98924
60.3 -1.22042 -0.968344
60.4 -1.31576 -0.93668
60.5 -1.40741 -0.894713
60.6 -1.49438 -0.843119
60.7 -1.57574 -0.782739
60.8 -1.65066 -0.714531
60.9 -1.71842 -0.639516
61 -1.77838 -0.558725
61.1 -1.83 -0.473158
61.2 -1.87288 -0.383743
61.3 -1.90665 -0.291316
61.4 -1.93107 -0.196599
61.5 -1.94592 -0.100199
61.6 -1.95107 -0.00260372
61.7 -1.94641 0.0958051
61.8 -1.93189 0.194742
61.9 -1.90745 0.294001
62 -1.87308 0.393435
62.1 -1.82876 0.492934
62.2 -1.7745 0.592408
62.3 -1.71029 0.691753
62.4 -1.63615 0.790836
62.5 -1.55213 0.889463
62.6 -1.45828 0.987357
62.7 -1.3547 1.08413
62.8 -1.24151 1.17926
62.9 -1.11892 1.27208
63 -0.987202 1.36175
63.1 -0.846712 1.44727
63.2 -0.697925 1.52748
63.3 -0.541436 1.60109
63.4 -0.377973 1.66672
63.5 -0.208404 1.72297
63.6 -0.0337363 1.76848
63.7 0.144893 1.80203
63.8 0.326238 1.82264
63.9 0.508965 1.8296
64 0.691693 1.82261
64.1 0.873024 1.80173
64.2 1.05159 1.76745
64.3 1.22609 1.72058
64.4 1.39533 1.66227
64.5 1.55821 1.59388
64.6 1.71382 1.51689
64.7 1.86135 1.43282
64.8 2.00019 1.34317
64.9 2.12985 1.24931
65 2.24996 1.15251
65.1 2.36029 1.05382
65.2 2.46069 0.95413
65.3 2.5511 0.854152
65.4 2.63153 0.754412
65.5 2.70201 0.655282
65.6 2.76261 0.556994
65.7 2.81344 0.459662
65.8 2.85458 0.3633
65.9 2.88613 0.267839
66 2.90817 0.17315
66.1 2.92078 0.0790535
66.2 2.92399 -0.0146633
66.3 2.91785 -0.108233
66.4 2.90234 -0.201898
66.5 2.87746 -0.295895
66.6 2.84315 -0.390444
66.7 2.79934 -0.485734
66.8 2.74597 -0.581912
66.9 2.68293 -0.679061
67 2.61012 -0.777185
67.1 2.52746 -0.876188
67.2 2.43486 -0.975856
67.3 2.33228 -1.07583
67.4 2.21971 -1.17558
67.5 2.09719 -1.27441
67.6 1.96488 -1.37141
67.7 1.82301 -1.46548
67.8 1.67193 -1.55534
67.9 1.51213 -1.63952
68 1.34426 -1.71647
68.1 1.16913 -1.78455
68.2 0.987702 -1.8422
68.3 0.801089 -1.88795
68.4 0.610548 -1.9206
68.5 0.417436 -1.93925
68.6 0.223182 -1.94341
68.7 0.0292413 -1.93301
68.8 -0.162946 -1.90843
68.9 -0.351997 -1.87045
69 -0.536625 -1.82018
69.1 -0.715668 -1.75898
69.2 -0.888106 -1.68834
69.3 -1.05307 -1.60981
69.4 -1.20986 -1.5249
69.5 -1.35789 -1.43502
69.6 -1.49674 -1.34141
69.7 -1.62608 -1.24513
69.8 -1.7457 -1.14708
69.9 -1.85546 -1.04792
70 -1.95527 -0.948175
70.1 -2.04509 -0.848204
70.2 -2.12491 -0.748231
70.3 -2.19474 -0.648371
70.4 -2.25459 -0.54866
70.5 -2.30447 -0.449071
70.6 -2.3444 -0.349541
70.7 -2.37438 -0.249994
70.8 -2.3944 -0.150357
70.9 -2.40445 -0.0505821
71 -2.40451 0.0493319
71.1 -2.39458 0.149324
71.2 -2.37465 0.24925
71.3 -2.34474 0.348867
71.4 -2.3049 0.447815
71.5 -2.25521 0.545607
71.6 -2.19584 0.641617
71.7 -2.12698 0.735078
71.8 -2.04893 0.825088
71.9 -1.96211 0.910626
72 -1.867 0.990576
72.1 -1.76422 1.06377
72.2 -1.65451 1.12903
72.3 -1.53871 1.18523
72.4 -1.4178 1.23136
72.5 -1.29281 1.2666
72.6 -1.16486 1.29035
72.7 -1.03513 1.30226
72.8 -0.904805 1.30229
72.9 -0.775061 1.29069
73 -0.647039 1.26795
73.1 -0.521819 1.23479
73.2 -0.400398 1.19212
73.3 -0.283678 1.14094
73.4 -0.172458 1.08232
73.5 -0.0674262 1.01733
73.6 0.0308304 0.946995
73.7 0.121827 0.872285
73.8 0.205171 0.794084
73.9 0.280554 0.713183
74 0.347742 0.630291
74.1 0.406567 0.546038
74.2 0.456923 0.460997
74.3 0.498758 0.375703
74.4 0.532072 0.290676
74.5 0.556919 0.206438
74.6 0.573405 0.123541
74.7 0.581692 0.0425767
74.8 0.582006 -0.0358069
74.9 0.57464 -0.1109
75 0.559961 -0.181931
75.1 0.538417 -0.248077
75.2 0.510537 -0.308482
75.3 0.476941 -0.36228
75.4 0.43833 -0.408632
75.5 0.395489 -0.446761
75.6 0.349274 -0.475998
75.7 0.300603 -0.495814
75.8 0.250438 -0.505856
75.9 0.199764 -0.505972
76 0.149573 -0.496213
76.1 0.100842 -0.476836
76.2 0.0545117 -0.448288
76.3 0.0114704 -0.41117
76.4 -0.0274607 -0.366211
76.5 -0.0615374 -0.314223
76.6 -0.0900996 -0.256065
76.7 -0.112574 -0.192605
76.8 -0.128472 -0.124698
76.9 -0.137392 -0.0531598
77 -0.139009 0.0212399
77.1 -0.133073 0.0977832
77.2 -0.119403 0.175798
77.3 -0.0978853 0.254648
77.4 -0.0684663 0.333718
77.5 -0.0311549 0.412394
77.6 0.0139784 0.490046
77.7 0.0667982 0.56601
77.8 0.1271 0.639568
77.9 0.194606 0.709941
78 0.268954 0.776282
78.1 0.349697 0.83768
78.2 0.436293 0.893172
78.3 0.528102 0.941768
78.4 0.624384 0.982483
78.5 0.724304 1.01438
78.6 0.826939 1.03663
78.7 0.931285 1.04853
78.8 1.03628 1.04959
78.9 1.14083 1.03954
79 1.24382 1.01836
79.1 1.34414 0.986282
79.2 1.44073 0.943794
79.3 1.53258 0.891588
79.4 1.61875 0.830526
79.5 1.69842 0.761589
79.6 1.77084 0.68582
79.7 1.83539 0.604272
79.8 1.89154 0.517966
79.9 1.93886 0.427846
80 1.97701 0.334762
80.1 2.00573 0.239447
80.2 2.02484 0.14251
80.3 2.0342 0.0444448
80.4 2.03371 -0.0543721
80.5 2.02331 -0.153662
80.6 2.00297 -0.25323
80.7 1.97266 -0.352946
80.8 1.93237 -0.452725
80.9 1.88211 -0.552504
81 1.82188 -0.652218
81.1 1.75167 -0.751777
81.2 1.67153 -0.851043
81.3 1.58148 -0.949798
81.4 1.4816 -1.04773
81.5 1.37198 -1.14439
81.6 1.25278 -1.23919
81.7 1.12423 -1.33138
81.8 0.986624 -1.42003
81.9 0.840376 -1.50406
82 0.686008 -1.58221
82.1 0.524174 -1.65314
82.2 0.355669 -1.7154
82.3 0.18143 -1.76759
82.4 0.0025327 -1.80837
82.5 -0.179824 -1.8366
82.6 -0.364339 -1.85141
82.7 -0.549641 -1.85227
82.8 -0.734322 -1.83903
82.9 -0.916984 -1.81196
83 -1.09627 -1.77172
83.1 -1.27092 -1.71933
83.2 -1.43978 -1.65604
83.3 -1.60182 -1.5833
83.4 -1.75617 -1.50266
83.5 -1.90214 -1.41564
83.6 -2.03914 -1.32372
83.7 -2.16676 -1.22822
83.8 -2.2847 -1.13032
83.9 -2.39278 -1.03101
84 -2.49089 -0.931097
84.1 -2.579 -0.831193
84.2 -2.65714 -0.731752
84.3 -2.72537 -0.633076
84.4 -2.78379 -0.535335
84.5 -2.83247 -0.43859
84.6 -2.87154 -0.34281
84.7 -2.90107 -0.247893
84.8 -2.92114 -0.153681
84.9 -2.93182 -0.0599751
85 -2.93314 0.0334521
85.1 -2.92513 0.126841
85.2 -2.90777 0.220435
85.3 -2.88103 0.314467
85.4 -2.84485 0.409148
85.5 -2.79917 0.504653
85.6 -2.74389 0.601104
85.7 -2.67892 0.698558
85.8 -2.60415 0.796981
85.9 -2.51949 0.896236
86 -2.42488 0.996055
86.1 -2.32028 1.09602
86.2 -2.20569 1.19554
86.3 -2.08121 1.29385
86.4 -1.94699 1.38996
86.5 -1.80333 1.48272
86.6 -1.65061 1.57077
86.7 -1.48938 1.65263
86.8 -1.32034 1.7267
86.9 -1.14435 1.79138
87 -0.962431 1.84514
87.1 -0.775737 1.8866
87.2 -0.585557 1.91468
87.3 -0.393274 1.9286
87.4 -0.200321 1.92803
87.5 -0.00814766 1.91307
87.6 0.181829 1.88422
87.7 0.368263 1.84239
87.8 0.549913 1.78875
87.9 0.725666 1.72471
88 0.894557 1.65177
88.1 1.05577 1.57146
88.2 1.20865 1.48524
88.3 1.35267 1.39444
88.4 1.48743 1.30024
88.5 1.61264 1.20364
88.6 1.7281 1.10542
88.7 1.83369 1.00621
88.8 1.92933 0.906478
88.9 2.01498 0.806519
89 2.09063 0.706528
89.1 2.15629 0.606599
89.2 2.21195 0.506754
89.3 2.25764 0.406969
89.4 2.29335 0.307193
89.5 2.31908 0.207374
89.6 2.33482 0.107476
89.7 2.34057 0.00750209
89.8 2.33632 -0.0924874
89.9 2.32207 -0.192355
90 2.29786 -0.29187
90.1 2.26372 -0.390689
90.2 2.21976 -0.488347
90.3 2.16611 -0.584242
90.4 2.10299 -0.677638
90.5 2.0307 -0.767664
90.6 1.94961 -0.85333
90.7 1.86021 -0.933552
90.8 1.76312 -1.00719
90.9 1.65903 -1.07309
91 1.54879 -1.13014
91.1 1.43333 -1.17735
91.2 1.31368 -1.21388
91.3 1.19093 -1.23911
91.4 1.06625 -1.25268
91.5 0.94079 -1.25452
91.6 0.815729 -1.24482
91.7 0.692196 -1.22404
91.8 0.571267 -1.19288
91.9 0.453939 -1.15219
92 0.341115 -1.10294
92.1 0.233601 -1.04619
92.2 0.132093 -0.982977
92.3 0.0371861 -0.914337
92.4 -0.0506257 -0.841232
92.5 -0.130941 -0.764551
92.6 -0.203444 -0.685098
92.7 -0.267892 -0.603593
92.8 -0.324116 -0.520687
92.9 -0.372003 -0.436972
93 -0.411502 -0.353005
93.1 -0.442613 -0.269324
93.2 -0.465394 -0.186478
93.3 -0.479956 -0.105038
93.4 -0.486469 -0.0256163
93.5 -0.485169 0.0511188
93.6 -0.476359 0.124441
93.7 -0.46042 0.193567
93.8 -0.437813 0.257666
93.9 -0.409083 0.315876
94 -0.374863 0.367337
94.1 -0.335869 0.411219
94.2 -0.292897 0.446766
94.3 -0.246815 0.473329
94.4 -0.198548 0.490412
94.5 -0.14906 0.497696
94.6 -0.0993396 0.495063
94.7 -0.0503754 0.482603
94.8 -0.00313738 0.460604
94.9 0.041443 0.429542
95 0.0824896 0.390043
95.1 0.119195 0.34285
95.2 0.15083 0.288783
95.3 0.176751 0.228704
95.4 0.1964 0.163479
95.5 0.209303 0.0939504
95.6 0.215073 0.0209238
95.7 0.213397 -0.0548474
95.8 0.204035 -0.132662
95.9 0.186818 -0.211865
96 0.161637 -0.291836
96.1 0.128445 -0.371977
96.2 0.0872559 -0.451687
96.3 0.0381427 -0.530349
96.4 -0.0187571 -0.607306
96.5 -0.083238 -0.681847
96.6 -0.15502 -0.753197
96.7 -0.233743 -0.820506
96.8 -0.318956 -0.882859
96.9 -0.410117 -0.939283
97 -0.506582 -0.988776
97.1 -0.607608 -1.03034
97.2 -0.712353 -1.06302
97.3 -0.819886 -1.08595
97.4 -0.929195 -1.09844
97.5 -1.03921 -1.09997
97.6 -1.14881 -1.09024
97.7 -1.25688 -1.06925
97.8 -1.36229 -1.03723
97.9 -1.46397 -0.994657
98 -1.5609 -0.942245
98.1 -1.65212 -0.880869
98.2 -1.73681 -0.811532
98.3 -1.8142 -0.735297
98.4 -1.88367 -0.653244
98.5 -1.94469 -0.566412
98.6 -1.99683 -0.475769
98.7 -2.03975 -0.382182
98.8 -2.07319 -0.286398
98.9 -2.09697 -0.18904
99 -2.11096 -0.0906057
99.1 -2.11507 0.0085236
99.2 -2.10924 0.108071
99.3 -2.09345 0.20785
99.4 -2.06767 0.307743
99.5 -2.0319 0.407683
99.6 -1.98613 0.507631
99.7 -1.93037 0.607559
99.8 -1.86462 0.707416
99.9 -1.7889 0.807116
100 -1.70321 0.906502
100.1 -1.60761 1.00533
100.2 -1.50218 1.10323
100.3 -1.38701 1.19972
100.4 -1.2623 1.29411
100.5 -1.12829 1.38559
100.6 -0.985315 1.47313
100.7 -0.833832 1.55557
100.8 -0.674415 1.63158
100.9 -0.507777 1.69974
101 -0.334777 1.7586
101.1 -0.156416 1.80673
101.2 0.0261692 1.84287
101.3 0.211722 1.86594
101.4 0.398896 1.87521
101.5 0.58629 1.8703
101.6 0.772484 1.85125
101.7 0.956083 1.81851
101.8 1.13576 1.77291
101.9 1.31027 1.7156
102 1.47853 1.64796
102.1 1.63957 1.5715
102.2 1.79259 1.48778
102.3 1.93694 1.39835
102.4 2.07212 1.30461
102.5 2.19776 1.20785
102.6 2.31362 1.10918
102.7 2.41956 1.00949
102.8 2.51551 0.909512
102.9 2.60147 0.809789
103 2.67749 0.710702
103.1 2.74364 0.612488
103.2 2.80002 0.515265
103.3 2.84673 0.419048
103.4 2.88386 0.323768
103.5 2.91151 0.229295
103.6 2.92974 0.135448
103.7 2.93861 0.0420121
103.8 2.93815 -0.0512489
103.9 2.92836 -0.14458
104 2.90922 -0.238222
104.1 2.8807 -0.332402
104.2 2.84272 -0.427318
104.3 2.7952 -0.523124
104.4 2.73806 -0.61992
104.5 2.67119 -0.717728
104.6 2.59448 -0.816475
104.7 2.50787 -0.915975
104.8 2.41127 -1.0159
104.9 2.30469 -1.11578
105 2.18814 -1.21496
105.1 2.06175 -1.31257
105.2 1.92571 -1.4076
105.3 1.78036 -1.49879
105.4 1.62613 -1.58476
105.5 1.46363 -1.66398
105.6 1.29361 -1.73485
105.7 1.11699 -1.79581
105.8 0.93483 -1.84538
105.9 0.748337 -1.88228
106 0.558829 -1.90555
106.1 0.367702 -1.91458
106.2 0.176393 -1.90919
106.3 -0.0136638 -1.88963
106.4 -0.201081 -1.85653
106.5 -0.384551 -1.8109
106.6 -0.562884 -1.75399
106.7 -0.73502 -1.68723
106.8 -0.900052 -1.61213
106.9 -1.05722 -1.53017
107 -1.2059 -1.44275
107.1 -1.34563 -1.35115
107.2 -1.47603 -1.25645
107.3 -1.59685 -1.15958
107.4 -1.7079 -1.06125
107.5 -1.80907 -0.962029
107.6 -1.90029 -0.862318
107.7 -1.98152 -0.762384
107.8 -2.05276 -0.662388
107.9 -2.114 -0.562406
108 -2.16525 -0.462458
108.1 -2.20649 -0.362525
108.2 -2.23775 -0.262579
108.3 -2.25901 -0.162601
108.4 -2.27027 -0.0626041
108.5 -2.27153 0.0373501
108.6 -2.26281 0.137127
108.7 -2.24412 0.236504
108.8 -2.21553 0.335153
108.9 -2.17713 0.432624
109 -2.12906 0.528341
109.1 -2.07154 0.621592
109.2 -2.00485 0.711535
109.3 -1.92938 0.797211
109.4 -1.84559 0.877565
109.5 -1.75408 0.951483
109.6 -1.65554 1.01784
109.7 -1.5508 1.07554
109.8 -1.44076 1.12359
109.9 -1.32643 1.16116
110 -1.2089 1.18763
110.1 -1.08929 1.20261
110.2 -0.968763 1.20599
110.3 -0.848472 1.19795
110.4 -0.72954 1.17891
110.5 -0.613036 1.14951
110.6 -0.499955 1.1106
110.7 -0.391203 1.0631
110.8 -0.287587 1.00805
110.9 -0.18981 0.946488
111 -0.0984726 0.879421
111.1 -0.0140768 0.807817
111.2 0.0629694 0.732569
111.3 0.132343 0.654488
111.4 0.193797 0.574308
111.5 0.247157 0.492694
111.6 0.292309 0.410256
111.7 0.3292 0.32757
111.8 0.357833 0.245195
111.9 0.378268 0.163699
112 0.390622 0.0836735
112.1 0.395073 0.00575119
112.2 0.391865 -0.0693829
112.3 0.381314 -0.140987
112.4 0.363812 -0.208265
112.5 0.339833 -0.270378
112.6 0.309937 -0.326464
112.7 0.27477 -0.375663
112.8 0.235061 -0.417158
112.9 0.19162 -0.450208
113 0.145322 -0.474189
113.1 0.0971003 -0.488632
113.2 0.0479237 -0.493251
113.3 -0.00121914 -0.487961
113.4 -0.0493419 -0.472886
113.5 -0.0954805 -0.448347
113.6 -0.138712 -0.414844
113.7 -0.178172 -0.373026
113.8 -0.213065 -0.32365
113.9 -0.242678 -0.267546
114 -0.266379 -0.205574
114.1 -0.283626 -0.138598
114.2 -0.293959 -0.0674515
114.3 -0.297003 0.00707307
114.4 -0.292457 0.0842376
114.5 -0.280091 0.163357
114.6 -0.259741 0.243795
114.7 -0.231308 0.32495
114.8 -0.194747 0.406238
114.9 -0.150075 0.487076
115 -0.097367 0.566859
115.1 -0.0367598 0.644944
115.2 0.0315418 0.720628
115.3 0.10726 0.79314
115.4 0.190036 0.861635
115.5 0.279422 0.925191
115.6 0.374877 0.98283
115.7 0.475757 1.03354
115.8 0.581319 1.07629
115.9 0.690719 1.11013
116 0.803018 1.13416
116.1 0.917199 1.14766
116.2 1.03218 1.15008
116.3 1.14684 1.14113
116.4 1.26002 1.12076
116.5 1.37061 1.0892
116.6 1.47751 1.04694
116.7 1.57967 0.994682
116.8 1.67614 0.933323
116.9 1.76606 0.863878
117 1.84868 0.787436
117.1 1.92335 0.705096
117.2 1.98954 0.617926
117.3 2.04681 0.526917
117.4 2.09483 0.432958
117.5 2.13333 0.336816
117.6 2.16214 0.23913
117.7 2.18112 0.140411
117.8 2.1902 0.0410467
117.9 2.18932 -0.0586828
118 2.17846 -0.158592
118.1 2.1576 -0.258572
118.2 2.12674 -0.358571
118.3 2.08588 -0.458571
118.4 2.03503 -0.55857
118.5 1.97417 -0.658559
118.6 1.90332 -0.758497
118.7 1.82248 -0.858286
118.8 1.73167 -0.957749
118.9 1.63095 -1.0566
119 1.52038 -1.15443
119.1 1.40011 -1.25068
119.2 1.27033 -1.3446
119.3 1.1313 -1.43528
119.4 0.983415 -1.52162
119.5 0.827162 -1.60238
119.6 0.66317 -1.67616
119.7 0.492211 -1.7415
119.8 0.315201 -1.79692
119.9 0.133204 -1.84102
120 -0.0525855 -1.87259
120.1 -0.240864 -1.89067
120.2 -0.430249 -1.89464
120.3 -0.619314 -1.8843
120.4 -0.806637 -1.85984
120.5 -0.990833 -1.8219
120.6 -1.1706 -1.77146
120.7 -1.34475 -1.70977
120.8 -1.51223 -1.63832
120.9 -1.67214 -1.55866
121 -1.82374 -1.47236
121.1 -1.96644 -1.38093
121.2 -2.0998 -1.28576
121.3 -2.22351 -1.18805
121.4 -2.33736 -1.08883
121.5 -2.44125 -0.988936
121.6 -2.53515 -0.889015
121.7 -2.61907 -0.789539
121.8 -2.69308 -0.690825
121.9 -2.75727 -0.593057
122 -2.81173 -0.496304
122.1 -2.85656 -0.400541
122.2 -2.89186 -0.305669
122.3 -2.91772 -0.211533
122.4 -2.93419 -0.117935
122.5 -2.94132 -0.0246482
122.6 -2.93912 0.06857
122.7 -2.9276 0.161965
122.8 -2.90671 0.255772
122.9 -2.87642 0.350209
123 -2.83664 0.445456
123.1 -2.7873 0.541647
123.2 -2.72828 0.638849
123.3 -2.65949 0.737048
123.4 -2.58084 0.836127
123.5 -2.49225 0.935847
123.6 -2.39366 1.03582
123.7 -2.28509 1.13551
123.8 -2.1666 1.23418
123.9 -2.03832 1.3309
124 -1.90052 1.42458
124.1 -1.75355 1.51391
124.2 -1.59793 1.59746
124.3 -1.4343 1.67367
124.4 -1.26349 1.74097
124.5 -1.08646 1.79782
124.6 -0.90432 1.84283
124.7 -0.718324 1.87485
124.8 -0.529811 1.89305
124.9 -0.34019 1.89698
125 -0.150893 1.88662
125.1 0.0366703 1.86237
125.2 0.221145 1.82501
125.3 0.401271 1.77562
125.4 0.575912 1.71552
125.5 0.744066 1.64615
125.6 0.904881 1.56899
125.7 1.05765 1.48549
125.8 1.20181 1.39698
125.9 1.33692 1.30466
126 1.46265 1.20954
126.1 1.57876 1.11245
126.2 1.6851 1.01406
126.3 1.78155 0.914854
126.4 1.86805 0.815193
126.5 1.94458 0.715306
126.6 2.01111 0.615329
126.7 2.06764 0.515331
126.8 2.11418 0.415332
126.9 2.15071 0.315333
127 2.17724 0.215335
127.1 2.19378 0.115364
127.2 2.20032 0.0154906
127.3 2.19688 -0.0841518
127.4 2.1835 -0.183345
127.5 2.16024 -0.281769
127.6 2.12719 -0.37899
127.7 2.0845 -0.474451
127.8 2.03238 -0.56746
127.9 1.97112 -0.657203
128 1.90108 -0.742747
128.1 1.82274 -0.823065
128.2 1.73668 -0.897071
128.3 1.64358 -0.963657
128.4 1.54423 -1.02175
128.5 1.43954 -1.07038
128.6 1.3305 -1.10871
128.7 1.21816 -1.13611
128.8 1.10365 -1.15218
128.9 0.988109 -1.1568
129 0.87267 -1.15012
129.1 0.75845 -1.13252
129.2 0.64651 -1.10462
129.3 0.537842 -1.06723
129.4 0.43335 -1.02126
129.5 0.333843 -0.967713
129.6 0.240026 -0.907612
129.7 0.152505 -0.841963
129.8 0.0717862 -0.771727
129.9 -0.00171723 -0.697797
130 -0.0676774 -0.620991
130.1 -0.125844 -0.542053
130.2 -0.17604 -0.461661
130.3 -0.218149 -0.380439
130.4 -0.25212 -0.298981
130.5 -0.277956 -0.217864
130.6 -0.295723 -0.137676
130.7 -0.305543 -0.0590256
130.8 -0.307601 0.0174352
130.9 -0.302152 0.0910047
131 -0.289522 0.160926
131.1 -0.270115 0.226392
131.2 -0.24442 0.286556
131.3 -0.21301 0.340553
131.4 -0.176544 0.387529
131.5 -0.135765 0.426675
131.6 -0.0914942 0.457266
131.7 -0.0446176 0.478701
131.8 0.00392579 0.490541
131.9 0.0531618 0.492529
132 0.102101 0.484616
132.1 0.14976 0.466956
132.2 0.195179 0.439901
132.3 0.237444 0.403979
132.4 0.275701 0.359857
132.5 0.309168 0.308308
132.6 0.337143 0.250168
132.7 0.35901 0.186302
132.8 0.374241 0.117565
132.9 0.382389 0.0447844
133 0.383089 -0.0312611
133.1 0.376052 -0.109849
133.2 0.361057 -0.190312
133.3 0.337947 -0.272031
133.4 0.306628 -0.354424
133.5 0.267059 -0.436926
133.6 0.219258 -0.518971
133.7 0.1633 -0.599971
133.8 0.0993196 -0.679295
133.9 0.0275194 -0.756254
134 -0.051827 -0.830085
134.1 -0.138365 -0.899945
134.2 -0.231653 -0.964914
134.3 -0.331152 -1.02401
134.4 -0.436224 -1.07619
134.5 -0.546126 -1.12044
134.6 -0.660015 -1.15576
134.7 -0.77695 -1.18123
134.8 -0.895907 -1.1961
134.9 -1.0158 -1.19979
135 -1.13548 -1.19199
135.1 -1.25381 -1.17261
135.2 -1.36963 -1.14188
135.3 -1.48182 -1.10027
135.4 -1.58934 -1.04848
135.5 -1.69121 -0.987427
135.6 -1.78655 -0.91813
135.7 -1.8746 -0.8417
135.8 -1.95469 -0.759264
135.9 -2.02629 -0.671915
136 -2.08894 -0.580673
136.1 -2.14232 -0.486451
136.2 -2.18616 -0.390043
136.3 -2.22028 -0.292106
136.4 -2.24455 -0.193168
136.5 -2.25889 -0.0936301
136.6 -2.26326 0.00622095
136.7 -2.25764 0.106198
136.8 -2.24202 0.206194
136.9 -2.21641 0.306167
137 -2.18079 0.406118
137.1 -2.13518 0.506067
137.2 -2.07958 0.60604
137.3 -2.01397 0.706036
137.4 -1.93837 0.806012
137.5 -1.85278 0.905857
137.6 -1.75721 1.00536
137.7 -1.65172 1.1042
137.8 -1.53641 1.20191
137.9 -1.4114 1.29786
138 -1.27692 1.39123
138.1 -1.13327 1.48103
138.2 -0.980874 1.56608
138.3 -0.820261 1.64506
138.4 -0.652112 1.71653
138.5 -0.477256 1.77897
138.6 -0.296668 1.83092
138.7 -0.111468 1.871
138.8 0.0770986 1.89808
138.9 0.267686 1.9113
139 0.458881 1.91019
139.1 0.649245 1.89471
139.2 0.837354 1.86521
139.3 1.02184 1.82248
139.4 1.20145 1.76764
139.5 1.37501 1.70205
139.6 1.54155 1.62724
139.7 1.70021 1.54482
139.8 1.85031 1.45633
139.9 1.99132 1.36327
140 2.12285 1.26695
140.1 2.24464 1.16852
140.2 2.35652 1.06894
140.3 2.45842 0.968965
140.4 2.55032 0.869177
140.5 2.63227 0.769982
140.6 2.70434 0.671638
140.7 2.76663 0.574279
140.8 2.81923 0.477934
140.9 2.86225 0.382543
141 2.89577 0.287981
141.1 2.91987 0.194073
141.2 2.9346 0.100606
141.3 2.94 0.00734535
141.4 2.93607 -0.085953
141.5 2.9228 -0.179532
141.6 2.90014 -0.27362
141.7 2.86805 -0.368419
141.8 2.82643 -0.46409
141.9 2.7752 -0.560738
142 2.71425 -0.658398
142.1 2.64349 -0.757012
142.2 2.56282 -0.856413
142.3 2.47219 -0.956302
142.4 2.37156 -1.05623
142.5 2.26096 -1.15558
142.6 2.14049 -1.25354
142.7 2.01033 -1.34912
142.8 1.87079 -1.44113
142.9 1.72227 -1.52824
143 1.56535 -1.60895
143.1 1.40075 -1.68172
143.2 1.22932 -1.74498
143.3 1.05212 -1.79727
143.4 0.870279 -1.8373
143.5 0.685098 -1.86405
143.6 0.497935 -1.87685
143.7 0.310202 -1.87543
143.8 0.123319 -1.85993
143.9 -0.0613312 -1.83089
144 -0.242438 -1.78923
144.1 -0.418794 -1.73609
144.2 -0.589319 -1.67285
144.3 -0.753075 -1.60094
144.4 -0.909267 -1.52182
144.5 -1.05725 -1.43688
144.6 -1.19649 -1.34737
144.7 -1.3266 -1.25441
144.8 -1.44729 -1.15893
144.9 -1.55833 -1.06169
145 -1.65959 -0.963273
145.1 -1.75096 -0.864122
145.2 -1.8324 -0.764544
145.3 -1.90386 -0.664738
145.4 -1.96534 -0.564825
145.5 -2.01683 -0.464871
145.6 -2.05832 -0.36491
145.7 -2.08981 -0.264969
145.8 -2.11131 -0.165091
145.9 -2.12283 -0.0653568
146 -2.12439 0.0340929
146.1 -2.11603 0.13304
146.2 -2.09781 0.231172
146.3 -2.06984 0.328064
146.4 -2.03226 0.423173
146.5 -1.98528 0.515826
146.6 -1.9292 0.605228
146.7 -1.86438 0.690473
146.8 -1.79128 0.770557
146.9 -1.71047 0.844418
147 -1.62264 0.910976
147.1 -1.52856 0.969178
147.2 -1.42911 1.01806
147.3 -1.32528 1.0568
147.4 -1.21811 1.08477
147.5 -1.1087 1.10157
147.6 -0.998177 1.10706
147.7 -0.887664 1.10136
147.8 -0.778265 1.08485
147.9 -0.671034 1.05812
148 -0.566956 1.02195
148.1 -0.46693 0.977219
148.2 -0.371764 0.924923
148.3 -0.282165 0.866064
148.4 -0.198737 0.80164
148.5 -0.12199 0.732604
148.6 -0.0523403 0.659849
148.7 0.00988285 0.584196
148.8 0.0644274 0.506397
148.9 0.111114 0.427139
149 0.149828 0.347061
149.1 0.180519 0.266769
149.2 0.203195 0.18686
149.3 0.217924 0.107937
149.4 0.224836 0.0306269
149.5 0.224125 -0.0444003
149.6 0.216056 -0.116427
149.7 0.200965 -0.184681
149.8 0.179272 -0.248345
149.9 0.151478 -0.306563
150 0.11817 -0.35847
150.1 0.0800229 -0.403214
150.2 0.0377929 -0.439997
150.3 -0.00768727 -0.468112
150.4 -0.0555208 -0.486981
150.5 -0.104761 -0.496192
150.6 -0.154429 -0.495522
150.7 -0.203535 -0.484954
150.8 -0.251096 -0.464677
150.9 -0.296159 -0.435075
151 -0.337818 -0.396699
151.1 -0.375229 -0.350241
151.2 -0.407623 -0.296485
151.3 -0.434311 -0.236277
151.4 -0.454692 -0.170481
151.5 -0.46825 -0.0999497
151.6 -0.474551 -0.0255002
151.7 -0.473245 0.0521023
151.8 -0.464049 0.132151
151.9 -0.446754 0.213998
152 -0.42121 0.297044
152.1 -0.387324 0.380725
152.2 -0.345062 0.464498
152.3 -0.29444 0.547815
152.4 -0.235533 0.630109
152.5 -0.168473 0.710763
152.6 -0.0934573 0.789103
152.7 -0.0107544 0.864377
152.8 0.0792881 0.935747
152.9 0.176234 1.0023
153 0.279554 1.06303
153.1 0.388613 1.11692
153.2 0.502674 1.16291
153.3 0.620896 1.19997
153.4 0.742339 1.22717
153.5 0.865974 1.24371
153.6 0.990704 1.24898
153.7 1.11538 1.24264
153.8 1.23884 1.22457
153.9 1.35991 1.19497
154 1.47746 1.15429
154.1 1.59042 1.10325
154.2 1.6978 1.04274
154.3 1.79869 0.973801
154.4 1.89232 0.897571
154.5 1.978 0.815199
154.6 2.05519 0.727806
154.7 2.12343 0.636441
154.8 2.18238 0.542048
154.9 2.23177 0.445447
155 2.27141 0.34732
155.1 2.3012 0.248216
155.2 2.32104 0.148551
155.3 2.3309 0.0486243
155.4 2.33076 -0.0513713
155.5 2.32063 -0.151329
155.6 2.3005 -0.251211
155.7 2.27039 -0.351031
155.8 2.23029 -0.450829
155.9 2.18022 -0.550657
156 2.12016 -0.650555
156.1 2.05011 -0.750526
156.2 1.97005 -0.850517
156.3 1.88001 -0.950394
156.4 1.77999 -1.04991
156.5 1.67005 -1.14871
156.6 1.55029 -1.24624
156.7 1.42086 -1.34182
156.8 1.28202 -1.43456
156.9 1.13408 -1.52338
