0 1 0
0.1 0.996041 -0.0765085
0.2 0.985305 -0.134942
0.3 0.969727 -0.173279
0.4 0.951286 -0.192641
0.5 0.931708 -0.196797
0.6 0.912254 -0.19116
0.7 0.893598 -0.181865
0.8 0.875794 -0.175174
0.9 0.858276 -0.177067
1 0.839919 -0.192719
1.1 0.81915 -0.225748
1.2 0.794144 -0.277431
1.3 0.763084 -0.346378
1.4 0.72441 -0.429012
1.5 0.676978 -0.520778
1.6 0.620091 -0.617508
1.7 0.553409 -0.716318
1.8 0.47681 -0.815672
1.9 0.390287 -0.914635
2 0.293947 -1.01161
2.1 0.18815 -1.10294
2.2 0.0737592 -1.18214
2.3 -0.047578 -1.2403
2.4 -0.173292 -1.26834
2.5 -0.300038 -1.26043
2.6 -0.424179 -1.21683
2.7 -0.542432 -1.14422
2.8 -0.652407 -1.05313
2.9 -0.752801 -0.95419
3 -0.843242 -0.855005
3.1 -0.923917 -0.759114
3.2 -0.995178 -0.666516
3.3 -1.05726 -0.575093
3.4 -1.11015 -0.4822
3.5 -1.15359 -0.386086
3.6 -1.18726 -0.286958
3.7 -1.21097 -0.18744
3.8 -1.22489 -0.0921983
3.9 -1.22973 -0.00669079
4 -1.22671 0.0645261
4.1 -1.21738 0.119219
4.2 -1.2034 0.158053
4.3 -1.18619 0.184262
4.4 -1.1668 0.202801
4.5 -1.1457 0.219455
4.6 -1.12278 0.240096
4.7 -1.09737 0.270016
4.8 -1.06833 0.313219
4.9 -1.03421 0.371695
5 -0.993489 0.445005
5.1 -0.9448 0.530505
5.2 -0.887113 0.624278
5.3 -0.8198 0.722433
5.4 -0.742576 0.822169
5.5 -0.655359 0.922163
5.6 -0.558143 1.02216
5.7 -0.450935 1.12188
5.8 -0.33383 1.21959
5.9 -0.20723 1.31074
6 -0.0721615 1.38741
6.1 0.0694312 1.43949
6.2 0.2146 1.45769
6.3 0.359679 1.4375
6.4 0.500902 1.38167
6.5 0.635129 1.29947
6.6 0.760327 1.20313
6.7 0.875651 1.1035
6.8 0.981154 1.00744
6.9 1.07734 0.917246
7 1.16476 0.831683
7.1 1.24373 0.747621
7.2 1.31422 0.661571
7.3 1.37589 0.57099
7.4 1.42824 0.475219
7.5 1.47081 0.375902
7.6 1.50342 0.276681
7.7 1.5263 0.182147
7.8 1.54014 0.0963757
7.9 1.54595 0.0216411
8 1.54484 -0.0422137
8.1 1.53779 -0.0976322
8.2 1.52546 -0.148673
8.3 1.50804 -0.200135
8.4 1.48526 -0.256667
8.5 1.45642 -0.321917
8.6 1.42052 -0.397789
8.7 1.37651 -0.484009
8.8 1.32345 -0.578281
8.9 1.2607 -0.677095
9 1.188 -0.776951
9.1 1.10536 -0.875495
9.2 1.01296 -0.972107
9.3 0.91097 -1.06777
9.4 0.799383 -1.16425
9.5 0.678047 -1.26283
9.6 0.546771 -1.36265
9.7 0.40562 -1.45922
9.8 0.255319 -1.54387
9.9 0.0976306 -1.60498
10 -0.0645183 -1.63157
10.1 -0.227328 -1.61788
10.2 -0.386818 -1.56623
10.3 -0.539624 -1.48622
10.4 -0.683545 -1.39066
10.5 -0.817625 -1.29098
10.6 -0.941849 -1.19435
10.7 -1.05668 -1.10325
10.8 -1.16265 -1.01661
10.9 -1.26005 -0.931427
11 -1.34887 -0.844427
11.1 -1.4288 -0.753249
11.2 -1.49936 -0.657298
11.3 -1.56014 -0.558025
11.4 -1.61096 -0.458545
11.5 -1.65197 -0.362621
11.6 -1.68371 -0.273393
11.7 -1.70693 -0.192339
11.8 -1.72243 -0.11884
11.9 -1.73087 -0.0503983
12 -1.73256 0.0166831
12.1 -1.72744 0.0864268
12.2 -1.71507 0.162252
12.3 -1.69472 0.246121
12.4 -1.66557 0.337961
12.5 -1.62693 0.435604
12.6 -1.57838 0.535434
12.7 -1.5199 0.633564
12.8 -1.45182 0.727136
12.9 -1.37466 0.8152
13 -1.28893 0.898931
13.1 -1.19492 0.981199
13.2 -1.09262 1.06565
13.3 -0.981616 1.15539
13.4 -0.861321 1.25146
13.5 -0.731198 1.3511
13.6 -0.591227 1.44677
13.7 -0.442364 1.52679
13.8 -0.286822 1.57838
13.9 -0.127956 1.59226
14 0.0302956 1.56645
14.1 0.184198 1.50675
14.2 0.330869 1.42373
14.3 0.468537 1.32836
14.4 0.596407 1.22877
14.5 0.714297 1.12918
14.6 0.822277 1.03055
14.7 0.920414 0.93214
14.8 1.00868 0.832968
14.9 1.08698 0.733059
15 1.15532 0.634035
15.1 1.21392 0.538992
15.2 1.26337 0.45166
15.3 1.30462 0.375172
15.4 1.33882 0.31095
15.5 1.36719 0.258172
15.6 1.39074 0.213904
15.7 1.41011 0.173695
15.8 1.42544 0.132355
15.9 1.43637 0.0847717
16 1.44205 0.0267718
16.1 1.44129 -0.0440057
16.2 1.43282 -0.127441
16.3 1.41547 -0.220854
16.4 1.38846 -0.319757
16.5 1.3515 -0.419269
16.6 1.30472 -0.515637
16.7 1.24853 -0.60725
16.8 1.18341 -0.694841
16.9 1.10962 -0.78096
17 1.02715 -0.868934
17.1 0.935674 -0.961489
17.2 0.834677 -1.05916
17.3 0.723771 -1.15878
17.4 0.603105 -1.25273
17.5 0.473784 -1.32988
17.6 0.338079 -1.37867
17.7 0.199266 -1.39126
17.8 0.0610836 -1.36649
17.9 -0.0729657 -1.30994
18 -0.200157 -1.23101
18.1 -0.318742 -1.13921
18.2 -0.427811 -1.04161
18.3 -0.527005 -0.942121
18.4 -0.616225 -0.842258
18.5 -0.695462 -0.742556
18.6 -0.764769 -0.643899
18.7 -0.824345 -0.548415
18.8 -0.874674 -0.459615
18.9 -0.916632 -0.381721
19 -0.951507 -0.31843
19.1 -0.980873 -0.271665
19.2 -1.00638 -0.240886
19.3 -1.02949 -0.223169
19.4 -1.05129 -0.213824
19.5 -1.07234 -0.20714
19.6 -1.0926 -0.197027
19.7 -1.11144 -0.177593
19.8 -1.12764 -0.143866
19.9 -1.13962 -0.092718
20 -1.14559 -0.0237309
20.1 -1.14386 0.0605155
20.2 -1.13314 0.155138
20.3 -1.11267 0.254489
20.4 -1.08224 0.353878
20.5 -1.04199 0.450765
20.6 -0.99218 0.545018
20.7 -0.933015 0.638329
20.8 -0.864466 0.733056
20.9 -0.786302 0.830736
21 -0.698244 0.930501
21.1 -0.600277 1.02783
21.2 -0.493034 1.11437
21.3 -0.378119 1.17949
21.4 -0.258176 1.21363
21.5 -0.136601 1.21181
21.6 -0.016971 1.17551
21.7 0.0975758 1.11157
21.8 0.204726 1.0291
21.9 0.303057 0.936369
22 0.391851 0.839066
22.1 0.470821 0.740227
22.2 0.539893 0.641278
22.3 0.599111 0.543401
22.4 0.648676 0.448684
22.5 0.689069 0.360633
22.6 0.721178 0.283825
22.7 0.746361 0.222781
22.8 0.766365 0.180544
22.9 0.783119 0.157646
23 0.79847 0.151925
23.1 0.813935 0.159095
23.2 0.830534 0.173605
23.3 0.848697 0.189329
23.4 0.868231 0.19997
23.5 0.888317 0.199407
23.6 0.907558 0.182312
23.7 0.924105 0.145124
23.8 0.935883 0.0870711
23.9 0.940901 0.0105871
24 0.93755 -0.0793425
24.1 0.924784 -0.176775
24.2 0.902118 -0.27662
24.3 0.869483 -0.375867
24.4 0.82699 -0.473817
24.5 0.774731 -0.571425
24.6 0.71267 -0.670038
24.7 0.64068 -0.769854
24.8 0.558735 -0.868445
24.9 0.467225 -0.959884
25 0.367295 -1.0352
25.1 0.261053 -1.08459
25.2 0.151492 -1.10077
25.3 0.0420798 -1.08182
25.4 -0.0638283 -1.03176
25.5 -0.163498 -0.958531
25.6 -0.255057 -0.870899
25.7 -0.337436 -0.775897
25.8 -0.41014 -0.6779
25.9 -0.472991 -0.579109
26 -0.525976 -0.480782
26.1 -0.569216 -0.384575
26.2 -0.603059 -0.293461
26.3 -0.628225 -0.21187
26.4 -0.645922 -0.14491
26.5 -0.657843 -0.0969283
26.6 -0.666016 -0.0700869
26.7 -0.672544 -0.063653
26.8 -0.679318 -0.0742648
26.9 -0.687797 -0.096826
27 -0.698885 -0.125425
27.1 -0.712877 -0.153875
27.2 -0.729446 -0.17592
27.3 -0.747642 -0.185437
27.4 -0.765933 -0.177033
27.5 -0.782326 -0.147079
27.6 -0.7946 -0.0947999
27.7 -0.800621 -0.0226948
27.8 -0.798645 0.064174
27.9 -0.787495 0.159827
28 -0.76656 0.259161
28.1 -0.735646 0.359084
28.2 -0.694758 0.458629
28.3 -0.643921 0.558172
28.4 -0.583109 0.658096
28.5 -0.512323 0.757253
28.6 -0.431811 0.851691
28.7 -0.342377 0.934266
28.8 -0.245661 0.995776
28.9 -0.144216 1.02765
29 -0.041285 1.02516
29.1 0.0596953 0.989286
29.2 0.155659 0.926145
29.3 0.244302 0.844326
29.4 0.324175 0.751925
29.5 0.39453 0.654701
29.6 0.455063 0.555818
29.7 0.505688 0.456745
29.8 0.546442 0.358622
29.9 0.577511 0.263518
30 0.599367 0.175108
30.1 0.612924 0.098458
30.2 0.61963 0.0388896
30.3 0.621407 0.000355931
30.4 0.620449 -0.0158714
30.5 0.618921 -0.0115698
30.6 0.618681 0.00905572
30.7 0.621092 0.0404405
30.8 0.626927 0.0765348
30.9 0.636351 0.111191
31 0.648911 0.138228
31.1 0.66354 0.151601
31.2 0.678597 0.146034
31.3 0.691997 0.118125
31.4 0.701457 0.0674079
31.5 0.704807 -0.00334086
31.6 0.700292 -0.0889501
31.7 0.686719 -0.183548
31.8 0.663448 -0.282257
31.9 0.630231 -0.382143
32 0.587017 -0.482137
32.1 0.533804 -0.582115
32.2 0.470612 -0.681495
32.3 0.397604 -0.777783
32.4 0.315333 -0.865606
32.5 0.225032 -0.9369
32.6 0.128806 -0.982702
32.7 0.0295779 -0.996146
32.8 -0.0692685 -0.975216
32.9 -0.164435 -0.923564
33 -0.253212 -0.848873
33.1 -0.333735 -0.759862
33.2 -0.404949 -0.663683
33.3 -0.466383 -0.564769
33.4 -0.517881 -0.465158
33.5 -0.55942 -0.365693
33.6 -0.591059 -0.267445
33.7 -0.613028 -0.172856
33.8 -0.625891 -0.0861652
33.9 -0.630708 -0.0128782
34 -0.629095 0.0416574
34.1 -0.623122 0.073955
34.2 -0.615066 0.0835349
34.3 -0.60709 0.0729797
34.4 -0.600983 0.0470637
34.5 -0.597995 0.0116198
34.6 -0.598774 -0.0272447
34.7 -0.603354 -0.0634096
34.8 -0.611161 -0.0907498
34.9 -0.621011 -0.103346
35 -0.631169 -0.0962095
35.1 -0.639493 -0.0664123
35.2 -0.643695 -0.0140451
35.3 -0.641653 0.0576918
35.4 -0.631686 0.143524
35.5 -0.612669 0.237808
35.6 -0.583995 0.336057
35.7 -0.545415 0.43563
35.8 -0.496862 0.535422
35.9 -0.438343 0.634801
36 -0.369965 0.732178
36.1 -0.292098 0.823711
36.2 -0.205637 0.902757
36.3 -0.112251 0.960708
36.4 -0.0144766 0.989371
36.5 0.084481 0.984019
36.6 0.181212 0.945438
36.7 0.272656 0.879605
36.8 0.356515 0.795231
36.9 0.431367 0.70069
37 0.496517 0.601951
37.1 0.551723 0.502095
37.2 0.596933 0.402111
37.3 0.632149 0.302294
37.4 0.657429 0.203663
37.5 0.673011 0.108973
37.6 0.679509 0.0229033
37.7 0.678072 -0.0487548
37.8 0.670418 -0.100723
37.9 0.658691 -0.129956
38 0.645184 -0.1366
38.1 0.632022 -0.123803
38.2 0.620902 -0.0966988
38.3 0.612959 -0.0612763
38.4 0.608719 -0.0236942
38.5 0.608088 0.00991211
38.6 0.610365 0.0334621
38.7 0.614253 0.0412478
38.8 0.617935 0.0287577
38.9 0.61925 -0.00622131
39 0.615965 -0.0628516
39.1 0.606079 -0.137447
39.2 0.588054 -0.224697
39.3 0.560895 -0.319324
39.4 0.524078 -0.417366
39.5 0.477386 -0.516551
39.6 0.420767 -0.615738
39.7 0.354276 -0.713725
39.8 0.278148 -0.807844
39.9 0.193005 -0.892918
40 0.100121 -0.961242
40.1 0.00160818 -1.00411
40.2 -0.0996152 -1.01463
40.3 -0.200159 -0.990623
40.4 -0.2967 -0.935629
40.5 -0.386513 -0.85755
40.6 -0.46775 -0.765581
40.7 -0.539424 -0.667343
40.8 -0.601167 -0.56744
40.9 -0.652917 -0.467596
41 -0.694688 -0.367806
41.1 -0.726471 -0.267844
41.2 -0.748279 -0.168645
41.3 -0.760321 -0.0731682
41.4 -0.763201 0.0136169
41.5 -0.758087 0.0857591
41.6 -0.746714 0.138081
41.7 -0.731227 0.167866
41.8 -0.713878 0.175664
41.9 -0.696714 0.164945
42 -0.68133 0.141024
42.1 -0.668747 0.109983
42.2 -0.659363 0.078055
42.3 -0.652959 0.0514189
42.4 -0.648702 0.0360671
42.5 -0.645189 0.0373375
42.6 -0.640551 0.0590169
42.7 -0.632659 0.102361
42.8 -0.61941 0.165653
42.9 -0.599 0.244751
43 -0.570107 0.334454
43.1 -0.531916 0.430033
43.2 -0.484017 0.528182
43.3 -0.426256 0.627044
43.4 -0.358624 0.725407
43.5 -0.281251 0.821402
43.6 -0.194546 0.911198
43.7 -0.0994312 0.988313
43.8 0.00240983 1.04424
43.9 0.108428 1.07066
44 0.215382 1.06256
44.1 0.319801 1.02054
44.2 0.418563 0.950826
44.3 0.509355 0.862767
44.4 0.590815 0.765548
44.5 0.662382 0.6657
44.6 0.723975 0.566337
44.7 0.775679 0.467824
44.8 0.817535 0.369176
44.9 0.849482 0.269609
45 0.871447 0.169848
45.1 0.883541 0.0728622
45.2 0.886279 -0.0162959
45.3 0.880743 -0.0916508
45.4 0.868583 -0.148109
45.5 0.851842 -0.183097
45.6 0.832661 -0.197283
45.7 0.812965 -0.194178
45.8 0.794226 -0.179102
45.9 0.77734 -0.158172
46 0.762576 -0.137685
46.1 0.749581 -0.123821
46.2 0.737398 -0.122327
46.3 0.724544 -0.137891
46.4 0.709156 -0.173247
46.5 0.689229 -0.228453
46.6 0.662889 -0.30087
46.7 0.628629 -0.38605
46.8 0.585416 -0.479169
46.9 0.532664 -0.576296
47 0.470108 -0.674947
47.1 0.39767 -0.773734
47.2 0.315399 -0.871323
47.3 0.22353 -0.965068
47.4 0.122679 -1.04988
47.5 0.0141083 -1.11801
47.6 -0.100064 -1.16045
47.7 -0.216869 -1.16975
47.8 -0.332812 -1.14327
47.9 -0.444443 -1.08462
48 -0.548949 -1.00245
48.1 -0.644498 -0.907148
48.2 -0.730237 -0.80746
48.3 -0.806022 -0.70858
48.4 -0.872036 -0.612063
48.5 -0.928481 -0.516912
48.6 -0.975396 -0.421134
48.7 -1.01264 -0.323256
48.8 -1.03998 -0.223545
48.9 -1.05737 -0.124648
49 -1.0651 -0.0313719
49.1 -1.06402 0.0504961
49.2 -1.05555 0.115944
49.3 -1.04148 0.162326
49.4 -1.02371 0.190076
49.5 -1.00398 0.20241
49.6 -0.983574 0.204407
49.7 -0.963241 0.202058
49.8 -0.9431 0.201576
49.9 -0.922664 0.208909
50 -0.900885 0.229182
50.1 -0.876274 0.265958
50.2 -0.847097 0.320506
50.3 -0.811621 0.391502
50.4 -0.768361 0.475502
50.5 -0.716234 0.568114
50.6 -0.654587 0.665335
50.7 -0.583107 0.764426
50.8 -0.501687 0.863985
50.9 -0.41032 0.963217
51 -0.3091 1.06067
51.1 -0.198357 1.15285
51.2 -0.0789173 1.2333
51.3 0.0476137 1.29305
51.4 0.178687 1.32275
51.5 0.310945 1.31619
51.6 0.440705 1.27334
51.7 0.564619 1.20084
51.8 0.680246 1.10952
51.9 0.786268 1.01042
52 0.882344 0.911574
52.1 0.968724 0.816791
52.2 1.04584 0.726112
52.3 1.11401 0.637254
52.4 1.17325 0.547198
52.5 1.22333 0.453622
52.6 1.26384 0.356008
52.7 1.29445 0.256215
52.8 1.31514 0.158295
52.9 1.32635 0.0674399
53 1.32903 -0.0116064
53.1 1.32452 -0.0760454
53.2 1.31431 -0.125803
53.3 1.29976 -0.16342
53.4 1.28189 -0.193332
53.5 1.26117 -0.220977
53.6 1.23758 -0.251975
53.7 1.2105 -0.291384
53.8 1.17889 -0.342946
53.9 1.14144 -0.408399
54 1.09677 -0.487124
54.1 1.04366 -0.576433
54.2 0.981254 -0.672533
54.3 0.909052 -0.771788
54.4 0.826875 -0.87175
54.5 0.734711 -0.971505
54.6 0.632575 -1.07125
54.7 0.520452 -1.1712
54.8 0.398364 -1.27015
54.9 0.266588 -1.36397
55 0.125993 -1.44498
55.1 -0.0216344 -1.50279
55.2 -0.173449 -1.52732
55.3 -0.325791 -1.51296
55.4 -0.474792 -1.46147
55.5 -0.617138 -1.38175
55.6 -0.750618 -1.28627
55.7 -0.874258 -1.18661
55.8 -0.988062 -1.09041
55.9 -1.09256 -1.00055
56 -1.18836 -0.916113
56.1 -1.27586 -0.834004
56.2 -1.35511 -0.750526
56.3 -1.42582 -0.662711
56.4 -1.48746 -0.569285
56.5 -1.53951 -0.471177
56.6 -1.58164 -0.371364
56.7 -1.61387 -0.274
56.8 -1.63666 -0.183077
56.9 -1.65079 -0.101134
57 -1.6572 -0.0285122
57.1 -1.65674 0.0366503
57.2 -1.65 0.0978612
57.3 -1.63716 0.159427
57.4 -1.61796 0.225537
57.5 -1.59179 0.299381
57.6 -1.55778 0.382402
57.7 -1.51502 0.47393
57.8 -1.46279 0.571398
57.9 -1.40066 0.671218
58 -1.32858 0.770023
58.1 -1.24676 0.865773
58.2 -1.15554 0.958315
58.3 -1.05516 1.04923
58.4 -0.945658 1.14109
58.5 -0.826828 1.23617
58.6 -0.698298 1.33491
58.7 -0.55982 1.43424
58.8 -0.411676 1.52659
58.9 -0.255114 1.60051
59 -0.0926049 1.64369
59.1 0.0723043 1.64765
59.2 0.235578 1.61155
59.3 0.393511 1.54257
59.4 0.543395 1.45268
59.5 0.683756 1.3539
59.6 0.81417 1.25476
59.7 0.934834 1.15922
59.8 1.04614 1.0674
59.9 1.14837 0.977192
60 1.24154 0.885869
60.1 1.32544 0.791444
60.2 1.39971 0.693545
60.3 1.46408 0.593734
60.4 1.5185 0.495118
60.5 1.56327 0.401357
60.6 1.59903 0.315403
60.7 1.62665 0.238492
60.8 1.64701 0.169743
60.9 1.66078 0.106393
61 1.66833 0.0444752
61.1 1.66958 -0.0203199
61.2 1.66405 -0.0917249
61.3 1.65094 -0.172022
61.4 1.62934 -0.261391
61.5 1.59842 -0.357775
61.6 1.55767 -0.457445
61.7 1.50696 -0.5562
61.8 1.44657 -0.650733
61.9 1.37701 -0.739639
62 1.29881 -0.823731
62.1 1.21234 -0.905679
62.2 1.11762 -0.989127
62.3 1.01434 -1.07745
62.4 0.901912 -1.17223
62.5 0.779739 -1.27158
62.6 0.647655 -1.36896
62.7 0.506373 -1.45347
62.8 0.357816 -1.51243
62.9 0.205087 -1.5357
63 0.0519981 -1.51968
63.1 -0.0976682 -1.46849
63.2 -0.240841 -1.3916
63.3 -0.375491 -1.29971
63.4 -0.500573 -1.20134
63.5 -0.615713 -1.10142
63.6 -0.720865 -1.00168
63.7 -0.816052 -0.902047
63.8 -0.901264 -0.802137
63.9 -0.976485 -0.702461
64 -1.04183 -0.60504
64.1 -1.09768 -0.513249
64.2 -1.1448 -0.430945
64.3 -1.18429 -0.361203
64.4 -1.2175 -0.305236
64.5 -1.24576 -0.261916
64.6 -1.2702 -0.227978
64.7 -1.29151 -0.198659
64.8 -1.3099 -0.168442
64.9 -1.32499 -0.131817
65 -1.33589 -0.0840783
65.1 -1.34133 -0.0222144
65.2 -1.33984 0.0543064
65.3 -1.33005 0.143259
65.4 -1.31092 0.240241
65.5 -1.28191 0.340043
65.6 -1.24297 0.438274
65.7 -1.19439 0.532568
65.8 -1.13659 0.622969
65.9 -1.06986 0.711508
66 -0.994245 0.801201
66.1 -0.909489 0.894685
66.2 -0.815154 0.99264
66.3 -0.710899 1.09228
66.4 -0.596873 1.18652
66.5 -0.474126 1.26479
66.6 -0.344829 1.31578
66.7 -0.212155 1.33149
66.8 -0.079774 1.31023
66.9 0.0488163 1.25693
67 0.170842 1.18055
67.1 0.284471 1.09044
67.2 0.388716 0.993796
67.3 0.483155 0.894773
67.4 0.567654 0.795194
67.5 0.642201 0.695864
67.6 0.706871 0.597919
67.7 0.761908 0.503718
67.8 0.807863 0.416983
67.9 0.8457 0.342103
68 0.876807 0.282869
68.1 0.902864 0.241203
68.2 0.925617 0.216485
68.3 0.946627 0.20567
68.4 0.967056 0.203955
68.5 0.987529 0.205548
68.6 1.00807 0.204262
68.7 1.02808 0.194015
68.8 1.04639 0.16946
68.9 1.06137 0.126885
69 1.07113 0.0651827
69.1 1.07383 -0.0136672
69.2 1.06797 -0.105073
69.3 1.05259 -0.203268
69.4 1.02727 -0.303103
69.5 0.992024 -0.401404
69.6 0.947067 -0.497415
69.7 0.892579 -0.592332
69.8 0.828568 -0.688198
69.9 0.754857 -0.786432
70 0.671224 -0.886248
70.1 0.577691 -0.983391
70.2 0.474898 -1.06987
70.3 0.364417 -1.1354
70.4 0.248838 -1.17052
70.5 0.131506 -1.17013
70.6 0.0159652 -1.13539
70.7 -0.0946402 -1.07281
70.8 -0.197968 -0.991338
70.9 -0.292557 -0.899236
71 -0.377657 -0.802284
71.1 -0.45296 -0.703652
71.2 -0.518383 -0.604873
71.3 -0.57397 -0.507208
71.4 -0.619931 -0.41281
71.5 -0.656759 -0.325261
71.6 -0.685368 -0.249252
71.7 -0.707152 -0.189444
71.8 -0.723907 -0.149016
71.9 -0.737626 -0.128593
72 -0.750225 -0.126043
72.1 -0.763289 -0.137074
72.2 -0.777908 -0.156128
72.3 -0.794579 -0.177091
72.4 -0.81318 -0.193671
72.5 -0.83296 -0.199672
72.6 -0.852573 -0.189515
72.7 -0.870186 -0.159179
72.8 -0.883685 -0.107282
72.9 -0.890981 -0.0356791
73 -0.890317 0.0509879
73.1 -0.880481 0.146774
73.2 -0.860841 0.246276
73.3 -0.831221 0.346001
73.4 -0.791676 0.444757
73.5 -0.742284 0.543105
73.6 -0.68303 0.642154
73.7 -0.613822 0.742039
73.8 -0.534667 0.840436
73.9 -0.44597 0.931647
74 -0.348866 1.00696
74.1 -0.245432 1.05675
74.2 -0.13862 1.07369
74.3 -0.0318679 1.05569
74.4 0.071472 1.00649
74.5 0.16865 0.933902
74.6 0.257765 0.846628
74.7 0.337727 0.751778
74.8 0.408021 0.653819
74.9 0.468463 0.555008
75 0.519035 0.456606
75.1 0.55985 0.36023
75.2 0.591244 0.268811
75.3 0.613924 0.186787
75.4 0.629089 0.11936
75.5 0.638437 0.0710566
75.6 0.644022 0.0442468
75.7 0.647988 0.0383712
75.8 0.652288 0.0501663
75.9 0.658443 0.0745729
76 0.667426 0.105697
76.1 0.679602 0.137384
76.2 0.694714 0.163404
76.3 0.711888 0.177602
76.4 0.729652 0.174397
76.5 0.746049 0.149784
76.6 0.758847 0.102464
76.7 0.765847 0.0344281
76.8 0.765198 -0.0495807
76.9 0.755598 -0.143612
77 0.736322 -0.24233
77.1 0.707094 -0.342268
77.2 0.667875 -0.442079
77.3 0.61868 -0.541849
77.4 0.559497 -0.641805
77.5 0.490347 -0.7408
77.6 0.411492 -0.835011
77.7 0.323733 -0.917495
77.8 0.228686 -0.979211
77.9 0.128873 -1.01162
78 0.0275094 -1.00986
78.1 -0.0719782 -0.974703
78.2 -0.166512 -0.91207
78.3 -0.253762 -0.830501
78.4 -0.332256 -0.738147
