0 1 0
0.1 0.995795 -0.0840711
0.2 0.983201 -0.167684
0.3 0.962289 -0.250364
0.4 0.933176 -0.33161
0.5 0.896033 -0.410878
0.6 0.851086 -0.487575
0.7 0.798625 -0.561053
0.8 0.739006 -0.630612
0.9 0.672658 -0.695508
1 0.600086 -0.754963
1.1 0.521873 -0.808189
1.2 0.438681 -0.854412
1.3 0.351248 -0.892907
1.4 0.260379 -0.923028
1.5 0.16694 -0.944241
1.6 0.0718415 -0.956157
1.7 -0.0239737 -0.958551
1.8 -0.119549 -0.951378
1.9 -0.213935 -0.934774
2 -0.3062 -0.909047
2.1 -0.395455 -0.874664
2.2 -0.480864 -0.832218
2.3 -0.561653 -0.782398
2.4 -0.637123 -0.725959
2.5 -0.70665 -0.663685
2.6 -0.769691 -0.596361
2.7 -0.825779 -0.524751
2.8 -0.874523 -0.449579
2.9 -0.915599 -0.371519
3 -0.948751 -0.291191
3.1 -0.973781 -0.209163
3.2 -0.990544 -0.125955
3.3 -0.998949 -0.0420554
3.4 -0.998948 0.0420727
3.5 -0.990542 0.125972
3.6 -0.973776 0.20918
3.7 -0.948745 0.291208
3.8 -0.915591 0.371536
3.9 -0.874513 0.449595
4 -0.825769 0.524766
4.1 -0.769679 0.596375
4.2 -0.706636 0.663698
4.3 -0.637108 0.725971
4.4 -0.561637 0.782409
4.5 -0.480846 0.832227
4.6 -0.395437 0.874672
4.7 -0.306181 0.909053
4.8 -0.213915 0.934778
4.9 -0.11953 0.95138
5 -0.0239539 0.958552
5.1 0.0718611 0.956155
5.2 0.166959 0.944237
5.3 0.260398 0.923022
5.4 0.351267 0.8929
5.5 0.438699 0.854403
5.6 0.521889 0.808178
5.7 0.600101 0.754952
5.8 0.672672 0.695495
5.9 0.739019 0.630598
6 0.798636 0.561038
6.1 0.851096 0.487559
6.2 0.896041 0.410862
6.3 0.933182 0.331594
6.4 0.962294 0.250347
6.5 0.983204 0.167667
6.6 0.995796 0.0840538
6.7 1 -1.7407e-05
6.8 0.995792 -0.0840885
6.9 0.983197 -0.167701
7 0.962283 -0.250381
7.1 0.933169 -0.331627
7.2 0.896024 -0.410894
7.3 0.851076 -0.48759
7.4 0.798613 -0.561067
7.5 0.738993 -0.630626
7.6 0.672643 -0.695521
7.7 0.60007 -0.754975
7.8 0.521856 -0.808199
7.9 0.438664 -0.854421
8 0.35123 -0.892914
8.1 0.26036 -0.923033
8.2 0.16692 -0.944244
8.3 0.0718216 -0.956158
8.4 -0.0239936 -0.958551
8.5 -0.119569 -0.951375
8.6 -0.213954 -0.934769
8.7 -0.306219 -0.909041
8.8 -0.395473 -0.874656
8.9 -0.480881 -0.832208
9 -0.561669 -0.782387
9.1 -0.637137 -0.725947
9.2 -0.706664 -0.663671
9.3 -0.769703 -0.596346
9.4 -0.82579 -0.524735
9.5 -0.874532 -0.449563
9.6 -0.915606 -0.371503
9.7 -0.948757 -0.291174
9.8 -0.973785 -0.209145
9.9 -0.990546 -0.125938
10 -0.998949 -0.0420378
10.1 -0.998946 0.0420902
10.2 -0.990539 0.12599
10.3 -0.973772 0.209197
10.4 -0.948738 0.291225
10.5 -0.915583 0.371552
10.6 -0.874504 0.449611
10.7 -0.825757 0.524781
10.8 -0.769666 0.59639
10.9 -0.706622 0.663711
11 -0.637092 0.725984
11.1 -0.56162 0.78242
11.2 -0.480829 0.832237
11.3 -0.395419 0.87468
11.4 -0.306162 0.909059
11.5 -0.213896 0.934782
11.6 -0.11951 0.951383
11.7 -0.0239339 0.958552
11.8 0.0718811 0.956154
11.9 0.166979 0.944234
12 0.260418 0.923016
12.1 0.351285 0.892892
12.2 0.438717 0.854394
12.3 0.521906 0.808168
12.4 0.600117 0.754939
12.5 0.672686 0.695482
12.6 0.739032 0.630584
12.7 0.798648 0.561023
12.8 0.851106 0.487543
12.9 0.896049 0.410845
13 0.933189 0.331577
13.1 0.962299 0.25033
13.2 0.983207 0.167649
13.3 0.995797 0.0840361
13.4 0.999999 -3.50858e-05
13.5 0.99579 -0.0841061
13.6 0.983193 -0.167718
13.7 0.962278 -0.250399
13.8 0.933161 -0.331644
13.9 0.896015 -0.410911
14 0.851065 -0.487606
14.1 0.798601 -0.561082
14.2 0.738979 -0.63064
14.3 0.672628 -0.695534
14.4 0.600054 -0.754986
14.5 0.521839 -0.808209
14.6 0.438645 -0.854429
14.7 0.351211 -0.892921
14.8 0.260341 -0.923038
14.9 0.1669 -0.944247
15 0.0718014 -0.956159
15.1 -0.0240138 -0.95855
15.2 -0.119589 -0.951372
15.3 -0.213974 -0.934764
15.4 -0.306238 -0.909034
15.5 -0.395491 -0.874648
15.6 -0.480898 -0.832198
15.7 -0.561685 -0.782375
15.8 -0.637152 -0.725934
15.9 -0.706677 -0.663657
16 -0.769716 -0.596331
16.1 -0.825801 -0.52472
16.2 -0.874541 -0.449547
16.3 -0.915614 -0.371486
16.4 -0.948762 -0.291157
16.5 -0.973789 -0.209128
16.6 -0.990549 -0.12592
16.7 -0.99895 -0.04202
16.8 -0.998945 0.042108
16.9 -0.990536 0.126008
17 -0.973767 0.209214
17.1 -0.948732 0.291242
17.2 -0.915575 0.371569
17.3 -0.874494 0.449627
17.4 -0.825746 0.524797
17.5 -0.769653 0.596404
17.6 -0.706608 0.663725
17.7 -0.637076 0.725996
17.8 -0.561603 0.782431
17.9 -0.480811 0.832246
18 -0.3954 0.874688
18.1 -0.306143 0.909066
18.2 -0.213876 0.934786
18.3 -0.11949 0.951385
18.4 -0.0239135 0.958552
18.5 0.0719014 0.956152
18.6 0.166999 0.94423
18.7 0.260437 0.923011
18.8 0.351304 0.892885
18.9 0.438735 0.854385
19 0.521923 0.808157
19.1 0.600132 0.754927
19.2 0.672701 0.695469
19.3 0.739045 0.63057
19.4 0.798659 0.561007
19.5 0.851116 0.487527
19.6 0.896057 0.410829
19.7 0.933196 0.33156
19.8 0.962304 0.250313
19.9 0.983211 0.167631
20 0.995799 0.0840182
20.1 0.999999 -5.30366e-05
20.2 0.995788 -0.084124
20.3 0.983189 -0.167736
20.4 0.962272 -0.250416
20.5 0.933154 -0.331661
20.6 0.896006 -0.410927
20.7 0.851054 -0.487622
20.8 0.798589 -0.561097
20.9 0.738965 -0.630654
21 0.672613 -0.695547
21.1 0.600037 -0.754998
21.2 0.521821 -0.80822
21.3 0.438627 -0.854438
21.4 0.351191 -0.892928
21.5 0.260321 -0.923043
21.6 0.16688 -0.944251
21.7 0.0717809 -0.956161
21.8 -0.0240343 -0.958549
21.9 -0.11961 -0.95137
22 -0.213993 -0.934759
22.1 -0.306257 -0.909027
22.2 -0.39551 -0.874639
22.3 -0.480916 -0.832188
22.4 -0.561702 -0.782364
22.5 -0.637168 -0.725921
22.6 -0.706691 -0.663643
22.7 -0.769728 -0.596316
22.8 -0.825812 -0.524704
22.9 -0.87455 -0.44953
23 -0.915621 -0.371469
23.1 -0.948768 -0.291139
23.2 -0.973793 -0.20911
23.3 -0.990551 -0.125902
23.4 -0.99895 -0.0420019
23.5 -0.998944 0.0421261
23.6 -0.990532 0.126025
23.7 -0.973762 0.209232
23.8 -0.948725 0.291259
23.9 -0.915567 0.371586
24 -0.874484 0.449643
24.1 -0.825734 0.524812
24.2 -0.76964 0.596419
24.3 -0.706593 0.663739
24.4 -0.637061 0.726009
24.5 -0.561586 0.782442
24.6 -0.480793 0.832256
24.7 -0.395381 0.874696
24.8 -0.306123 0.909072
24.9 -0.213855 0.93479
25 -0.119469 0.951387
25.1 -0.0238928 0.958552
25.2 0.071922 0.95615
25.3 0.167019 0.944226
25.4 0.260457 0.923005
25.5 0.351323 0.892877
25.6 0.438753 0.854375
25.7 0.52194 0.808146
25.8 0.600149 0.754915
25.9 0.672716 0.695455
26 0.739058 0.630555
26.1 0.798671 0.560992
26.2 0.851126 0.487511
26.3 0.896066 0.410812
26.4 0.933203 0.331542
26.5 0.962309 0.250295
26.6 0.983214 0.167613
26.7 0.9958 0.084
26.8 0.999999 -7.12593e-05
26.9 0.995786 -0.0841421
27 0.983185 -0.167754
27.1 0.962266 -0.250434
27.2 0.933146 -0.331678
27.3 0.895996 -0.410944
27.4 0.851043 -0.487638
27.5 0.798576 -0.561113
27.6 0.738951 -0.630669
27.7 0.672598 -0.69556
27.8 0.600021 -0.75501
27.9 0.521804 -0.80823
28 0.438608 -0.854447
28.1 0.351172 -0.892935
28.2 0.260301 -0.923048
28.3 0.166859 -0.944254
28.4 0.0717601 -0.956162
28.5 -0.0240551 -0.958548
28.6 -0.11963 -0.951367
28.7 -0.214014 -0.934754
28.8 -0.306277 -0.909021
28.9 -0.395529 -0.87463
29 -0.480934 -0.832177
29.1 -0.561719 -0.782352
29.2 -0.637183 -0.725908
29.3 -0.706705 -0.663629
29.4 -0.769741 -0.596301
29.5 -0.825823 -0.524688
29.6 -0.87456 -0.449513
29.7 -0.915629 -0.371451
29.8 -0.948774 -0.291122
29.9 -0.973797 -0.209092
30 -0.990553 -0.125884
30.1 -0.998951 -0.0419836
30.2 -0.998943 0.0421444
30.3 -0.990529 0.126044
30.4 -0.973757 0.20925
30.5 -0.948719 0.291277
30.6 -0.915558 0.371603
30.7 -0.874474 0.44966
30.8 -0.825722 0.524828
30.9 -0.769627 0.596434
31 -0.706579 0.663753
31.1 -0.637045 0.726021
31.2 -0.561569 0.782454
31.3 -0.480775 0.832266
31.4 -0.395362 0.874704
31.5 -0.306103 0.909078
31.6 -0.213835 0.934795
31.7 -0.119448 0.951389
31.8 -0.0238718 0.958552
31.9 0.0719429 0.956148
32 0.16704 0.944222
32.1 0.260477 0.922999
32.2 0.351343 0.892869
32.3 0.438772 0.854366
32.4 0.521958 0.808135
32.5 0.600165 0.754902
32.6 0.672731 0.695441
32.7 0.739072 0.63054
32.8 0.798683 0.560976
32.9 0.851136 0.487494
33 0.896075 0.410794
33.1 0.93321 0.331524
33.2 0.962314 0.250277
33.3 0.983217 0.167595
33.4 0.995802 0.0839815
33.5 0.999998 -8.97539e-05
33.6 0.995784 -0.0841605
33.7 0.983181 -0.167772
33.8 0.96226 -0.250452
33.9 0.933139 -0.331696
34 0.895987 -0.410961
34.1 0.851032 -0.487654
34.2 0.798563 -0.561128
34.3 0.738937 -0.630683
34.4 0.672582 -0.695574
34.5 0.600004 -0.755023
34.6 0.521786 -0.808241
34.7 0.438589 -0.854456
34.8 0.351152 -0.892942
34.9 0.26028 -0.923054
35 0.166839 -0.944257
35.1 0.071739 -0.956163
35.2 -0.0240762 -0.958547
35.3 -0.119651 -0.951364
35.4 -0.214034 -0.934749
35.5 -0.306297 -0.909014
35.6 -0.395548 -0.874622
35.7 -0.480952 -0.832167
35.8 -0.561736 -0.78234
35.9 -0.637199 -0.725894
36 -0.70672 -0.663614
36.1 -0.769754 -0.596285
36.2 -0.825834 -0.524671
36.3 -0.874569 -0.449496
36.4 -0.915637 -0.371434
36.5 -0.94878 -0.291104
36.6 -0.973801 -0.209074
36.7 -0.990556 -0.125865
36.8 -0.998951 -0.041965
36.9 -0.998941 0.042163
37 -0.990526 0.126062
37.1 -0.973752 0.209268
37.2 -0.948712 0.291295
37.3 -0.91555 0.37162
37.4 -0.874463 0.449677
37.5 -0.82571 0.524844
37.6 -0.769613 0.596449
37.7 -0.706564 0.663767
37.8 -0.637028 0.726034
37.9 -0.561551 0.782465
38 -0.480756 0.832276
38.1 -0.395342 0.874712
38.2 -0.306082 0.909084
38.3 -0.213814 0.934799
38.4 -0.119427 0.951392
38.5 -0.0238505 0.958553
38.6 0.0719642 0.956146
38.7 0.167061 0.944218
38.8 0.260497 0.922993
38.9 0.351362 0.892861
39 0.43879 0.854356
39.1 0.521976 0.808123
39.2 0.600181 0.754889
39.3 0.672746 0.695427
39.4 0.739085 0.630525
39.5 0.798695 0.56096
39.6 0.851147 0.487477
39.7 0.896084 0.410777
39.8 0.933217 0.331506
39.9 0.962319 0.250258
40 0.98322 0.167576
40.1 0.995803 0.0839628
40.2 0.999998 -0.00010852
40.3 0.995782 -0.0841792
40.4 0.983177 -0.167791
40.5 0.962254 -0.25047
40.6 0.933131 -0.331714
40.7 0.895978 -0.410978
40.8 0.851021 -0.487671
40.9 0.798551 -0.561144
41 0.738923 -0.630698
41.1 0.672566 -0.695588
41.2 0.599987 -0.755035
41.3 0.521767 -0.808252
41.4 0.43857 -0.854465
41.5 0.351132 -0.89295
41.6 0.260259 -0.923059
41.7 0.166817 -0.944261
41.8 0.0717176 -0.956164
41.9 -0.0240977 -0.958546
42 -0.119672 -0.951361
42.1 -0.214055 -0.934744
42.2 -0.306317 -0.909007
42.3 -0.395568 -0.874613
42.4 -0.48097 -0.832156
42.5 -0.561753 -0.782328
42.6 -0.637215 -0.725881
42.7 -0.706735 -0.663599
42.8 -0.769767 -0.596269
42.9 -0.825846 -0.524655
43 -0.874579 -0.449479
43.1 -0.915645 -0.371416
43.2 -0.948787 -0.291085
43.3 -0.973806 -0.209055
43.4 -0.990558 -0.125846
43.5 -0.998952 -0.0419461
43.6 -0.99894 0.0421819
43.7 -0.990523 0.126081
43.8 -0.973747 0.209287
43.9 -0.948705 0.291313
44 -0.915541 0.371638
44.1 -0.874453 0.449694
44.2 -0.825698 0.524861
44.3 -0.769599 0.596465
44.4 -0.706548 0.663781
44.5 -0.637012 0.726047
44.6 -0.561533 0.782477
44.7 -0.480737 0.832286
44.8 -0.395322 0.874721
44.9 -0.306062 0.909091
45 -0.213793 0.934804
45.1 -0.119406 0.951394
45.2 -0.0238289 0.958553
45.3 0.0719857 0.956144
45.4 0.167082 0.944214
45.5 0.260518 0.922987
45.6 0.351382 0.892853
45.7 0.438809 0.854346
45.8 0.521994 0.808112
45.9 0.600198 0.754876
46 0.672761 0.695413
46.1 0.739099 0.630509
46.2 0.798708 0.560943
46.3 0.851158 0.48746
46.4 0.896093 0.410759
46.5 0.933224 0.331488
46.6 0.962324 0.25024
46.7 0.983224 0.167557
46.8 0.995805 0.0839438
46.9 0.999997 -0.000127559
47 0.995779 -0.0841982
47.1 0.983173 -0.16781
47.2 0.962248 -0.250488
47.3 0.933123 -0.331732
47.4 0.895968 -0.410996
47.5 0.85101 -0.487688
47.6 0.798538 -0.56116
47.7 0.738908 -0.630713
47.8 0.67255 -0.695602
47.9 0.599969 -0.755047
48 0.521749 -0.808263
48.1 0.43855 -0.854475
48.2 0.351112 -0.892957
48.3 0.260238 -0.923065
48.4 0.166796 -0.944264
48.5 0.0716958 -0.956166
48.6 -0.0241194 -0.958545
48.7 -0.119694 -0.951358
48.8 -0.214076 -0.934739
48.9 -0.306337 -0.908999
49 -0.395587 -0.874604
49.1 -0.480989 -0.832146
49.2 -0.56177 -0.782315
49.3 -0.637231 -0.725867
49.4 -0.706749 -0.663584
49.5 -0.76978 -0.596253
49.6 -0.825857 -0.524638
49.7 -0.874589 -0.449461
49.8 -0.915653 -0.371398
49.9 -0.948793 -0.291067
50 -0.97381 -0.209036
50.1 -0.990561 -0.125827
50.2 -0.998952 -0.0419269
50.3 -0.998939 0.0422011
50.4 -0.99052 0.1261
50.5 -0.973742 0.209306
50.6 -0.948698 0.291332
50.7 -0.915532 0.371656
50.8 -0.874442 0.449711
50.9 -0.825686 0.524877
51 -0.769586 0.59648
51.1 -0.706533 0.663796
51.2 -0.636995 0.726061
51.3 -0.561515 0.782489
51.4 -0.480718 0.832296
51.5 -0.395302 0.874729
51.6 -0.306041 0.909098
51.7 -0.213771 0.934808
51.8 -0.119384 0.951396
51.9 -0.0238069 0.958553
52 0.0720075 0.956142
52.1 0.167104 0.94421
52.2 0.260539 0.922981
52.3 0.351403 0.892845
52.4 0.438829 0.854336
52.5 0.522012 0.8081
52.6 0.600215 0.754863
52.7 0.672777 0.695398
52.8 0.739114 0.630494
52.9 0.79872 0.560927
53 0.851168 0.487442
53.1 0.896102 0.410741
53.2 0.933231 0.33147
53.3 0.96233 0.250221
53.4 0.983227 0.167538
53.5 0.995806 0.0839245
53.6 0.999997 -0.000146869
53.7 0.995777 -0.0842175
53.8 0.983169 -0.167829
53.9 0.962242 -0.250507
54 0.933115 -0.33175
54.1 0.895958 -0.411014
54.2 0.850998 -0.487705
54.3 0.798524 -0.561177
54.4 0.738893 -0.630729
54.5 0.672534 -0.695616
54.6 0.599952 -0.75506
54.7 0.52173 -0.808274
54.8 0.438531 -0.854484
54.9 0.351091 -0.892965
55 0.260217 -0.92307
55.1 0.166774 -0.944268
55.2 0.0716738 -0.956167
55.3 -0.0241415 -0.958545
55.4 -0.119716 -0.951355
55.5 -0.214098 -0.934734
55.6 -0.306358 -0.908992
55.7 -0.395607 -0.874595
55.8 -0.481008 -0.832135
55.9 -0.561788 -0.782303
56 -0.637248 -0.725853
56.1 -0.706764 -0.663569
56.2 -0.769794 -0.596237
56.3 -0.825869 -0.524621
56.4 -0.874599 -0.449443
56.5 -0.915661 -0.371379
56.6 -0.948799 -0.291048
56.7 -0.973814 -0.209017
56.8 -0.990563 -0.125808
56.9 -0.998953 -0.0419074
57 -0.998937 0.0422205
57.1 -0.990517 0.126119
57.2 -0.973737 0.209325
57.3 -0.948691 0.29135
57.4 -0.915523 0.371674
57.5 -0.874432 0.449729
57.6 -0.825674 0.524894
57.7 -0.769571 0.596496
57.8 -0.706517 0.663811
57.9 -0.636978 0.726074
58 -0.561497 0.782501
58.1 -0.480698 0.832307
58.2 -0.395282 0.874738
58.3 -0.30602 0.909104
58.4 -0.21375 0.934813
58.5 -0.119362 0.951399
58.6 -0.0237847 0.958553
58.7 0.0720297 0.95614
58.8 0.167126 0.944206
58.9 0.260561 0.922974
59 0.351423 0.892837
59.1 0.438849 0.854326
59.2 0.522031 0.808088
59.3 0.600233 0.75485
59.4 0.672793 0.695384
59.5 0.739128 0.630478
59.6 0.798733 0.56091
59.7 0.851179 0.487425
59.8 0.896111 0.410723
59.9 0.933238 0.331451
60 0.962335 0.250202
60.1 0.983231 0.167519
60.2 0.995808 0.083905
60.3 0.999997 -0.000166451
60.4 0.995775 -0.084237
60.5 0.983165 -0.167848
60.6 0.962236 -0.250526
60.7 0.933107 -0.331769
60.8 0.895948 -0.411032
60.9 0.850987 -0.487722
61 0.798511 -0.561193
61.1 0.738879 -0.630744
61.2 0.672518 -0.69563
61.3 0.599934 -0.755073
61.4 0.521711 -0.808285
61.5 0.43851 -0.854494
61.6 0.35107 -0.892973
61.7 0.260195 -0.923076
61.8 0.166752 -0.944271
61.9 0.0716514 -0.956168
62 -0.0241639 -0.958544
62.1 -0.119738 -0.951352
62.2 -0.214119 -0.934729
62.3 -0.306379 -0.908985
62.4 -0.395628 -0.874585
62.5 -0.481027 -0.832124
62.6 -0.561806 -0.78229
62.7 -0.637265 -0.725839
62.8 -0.70678 -0.663554
62.9 -0.769807 -0.596221
63 -0.825881 -0.524603
63.1 -0.874609 -0.449425
63.2 -0.91567 -0.37136
63.3 -0.948806 -0.291029
63.4 -0.973819 -0.208997
63.5 -0.990566 -0.125788
63.6 -0.998954 -0.0418877
63.7 -0.998936 0.0422402
63.8 -0.990513 0.126139
63.9 -0.973731 0.209344
64 -0.948684 0.291369
64.1 -0.915514 0.371693
64.2 -0.874421 0.449747
64.3 -0.825661 0.524911
64.4 -0.769557 0.596512
64.5 -0.706501 0.663826
64.6 -0.63696 0.726088
64.7 -0.561478 0.782513
64.8 -0.480679 0.832317
64.9 -0.395261 0.874747
65 -0.305998 0.909111
65.1 -0.213728 0.934817
65.2 -0.119339 0.951401
65.3 -0.0237622 0.958554
65.4 0.0720521 0.956138
65.5 0.167148 0.944201
65.6 0.260582 0.922968
65.7 0.351444 0.892828
65.8 0.438868 0.854316
65.9 0.522049 0.808076
66 0.60025 0.754836
66.1 0.672809 0.695369
66.2 0.739143 0.630462
66.3 0.798746 0.560893
66.4 0.851191 0.487407
66.5 0.89612 0.410704
66.6 0.933246 0.331432
66.7 0.962341 0.250182
66.8 0.983235 0.167499
66.9 0.995809 0.0838851
67 0.999996 -0.000186305
67.1 0.995772 -0.0842567
67.2 0.98316 -0.167868
67.3 0.96223 -0.250546
67.4 0.933099 -0.331788
67.5 0.895938 -0.41105
67.6 0.850975 -0.48774
67.7 0.798498 -0.56121
67.8 0.738863 -0.63076
67.9 0.672501 -0.695644
68 0.599916 -0.755086
68.1 0.521692 -0.808297
68.2 0.43849 -0.854504
68.3 0.351049 -0.892981
68.4 0.260173 -0.923082
68.5 0.16673 -0.944275
68.6 0.0716288 -0.95617
68.7 -0.0241866 -0.958543
68.8 -0.11976 -0.951348
68.9 -0.214142 -0.934723
69 -0.306401 -0.908977
69.1 -0.395648 -0.874576
69.2 -0.481047 -0.832112
69.3 -0.561825 -0.782277
69.4 -0.637282 -0.725824
69.5 -0.706795 -0.663538
69.6 -0.769821 -0.596204
69.7 -0.825893 -0.524586
69.8 -0.87462 -0.449407
69.9 -0.915678 -0.371342
70 -0.948812 -0.291009
70.1 -0.973824 -0.208978
70.2 -0.990569 -0.125768
70.3 -0.998954 -0.0418677
70.4 -0.998935 0.0422601
70.5 -0.99051 0.126159
70.6 -0.973726 0.209364
70.7 -0.948676 0.291389
70.8 -0.915505 0.371712
70.9 -0.87441 0.449765
71 -0.825648 0.524929
71.1 -0.769543 0.596529
71.2 -0.706485 0.663841
71.3 -0.636943 0.726102
71.4 -0.56146 0.782526
71.5 -0.480659 0.832328
71.6 -0.39524 0.874755
71.7 -0.305977 0.909118
71.8 -0.213705 0.934822
71.9 -0.119317 0.951404
72 -0.0237393 0.958554
72.1 0.0720749 0.956136
72.2 0.16717 0.944197
72.3 0.260604 0.922961
72.4 0.351465 0.89282
72.5 0.438889 0.854305
72.6 0.522069 0.808064
72.7 0.600268 0.754823
72.8 0.672825 0.695354
72.9 0.739157 0.630445
73 0.798759 0.560875
73.1 0.851202 0.487389
73.2 0.89613 0.410686
73.3 0.933253 0.331412
73.4 0.962346 0.250162
73.5 0.983238 0.167479
73.6 0.995811 0.083865
73.7 0.999996 -0.000206431
73.8 0.99577 -0.0842768
73.9 0.983156 -0.167888
74 0.962223 -0.250565
74.1 0.933091 -0.331807
74.2 0.895928 -0.411069
74.3 0.850963 -0.487758
74.4 0.798484 -0.561227
74.5 0.738848 -0.630776
74.6 0.672484 -0.695659
74.7 0.599898 -0.7551
74.8 0.521672 -0.808309
74.9 0.438469 -0.854514
75 0.351027 -0.892989
75.1 0.260151 -0.923088
75.2 0.166707 -0.944278
75.3 0.0716058 -0.956171
75.4 -0.0242096 -0.958542
75.5 -0.119783 -0.951345
75.6 -0.214164 -0.934718
75.7 -0.306422 -0.90897
75.8 -0.395669 -0.874566
75.9 -0.481067 -0.832101
76 -0.561843 -0.782264
76.1 -0.637299 -0.72581
76.2 -0.706811 -0.663522
76.3 -0.769835 -0.596187
76.4 -0.825905 -0.524568
76.5 -0.87463 -0.449388
76.6 -0.915687 -0.371322
76.7 -0.948819 -0.29099
76.8 -0.973828 -0.208958
76.9 -0.990571 -0.125748
77 -0.998955 -0.0418475
77.1 -0.998933 0.0422804
77.2 -0.990506 0.126179
77.3 -0.973721 0.209384
77.4 -0.948669 0.291408
77.5 -0.915496 0.371731
77.6 -0.874399 0.449783
77.7 -0.825635 0.524946
77.8 -0.769528 0.596545
77.9 -0.706469 0.663857
78 -0.636925 0.726116
78.1 -0.561441 0.782538
78.2 -0.480638 0.832339
78.3 -0.395219 0.874765
78.4 -0.305954 0.909125
