0 1 0
0.1 0.995795 -0.0840711
0.2 0.983201 -0.167684
0.3 0.962289 -0.250364
0.4 0.933176 -0.33161
0.5 0.896033 -0.410878
0.6 0.851086 -0.487575
0.7 0.798625 -0.561053
0.8 0.739006 -0.630612
0.9 0.672658 -0.695508
1 0.600086 -0.754963
1.1 0.521873 -0.808189
1.2 0.438681 -0.854412
1.3 0.351248 -0.892907
1.4 0.260379 -0.923028
1.5 0.16694 -0.944241
1.6 0.0718415 -0.956157
1.7 -0.0239737 -0.958551
1.8 -0.119549 -0.951378
1.9 -0.213935 -0.934774
2 -0.3062 -0.909047
2.1 -0.395455 -0.874664
2.2 -0.480864 -0.832218
2.3 -0.561653 -0.782398
2.4 -0.637123 -0.725959
2.5 -0.70665 -0.663685
2.6 -0.769691 -0.596361
2.7 -0.825779 -0.524751
2.8 -0.874523 -0.449579
2.9 -0.915599 -0.371519
3 -0.948751 -0.291191
3.1 -0.973781 -0.209163
3.2 -0.990544 -0.125955
3.3 -0.998949 -0.0420554
3.4 -0.998948 0.0420727
3.5 -0.990542 0.125972
3.6 -0.973776 0.20918
3.7 -0.948745 0.291208
3.8 -0.915591 0.371536
3.9 -0.874513 0.449595
4 -0.825769 0.524766
4.1 -0.769679 0.596375
4.2 -0.706636 0.663698
4.3 -0.637108 0.725971
4.4 -0.561637 0.782409
4.5 -0.480846 0.832227
4.6 -0.395437 0.874672
4.7 -0.306181 0.909053
4.8 -0.213915 0.934778
4.9 -0.11953 0.95138
5 -0.0239539 0.958552
5.1 0.0718611 0.956155
5.2 0.166959 0.944237
5.3 0.260398 0.923022
5.4 0.351267 0.8929
5.5 0.438699 0.854403
5.6 0.521889 0.808178
5.7 0.600101 0.754952
5.8 0.672672 0.695495
5.9 0.739019 0.630598
6 0.798636 0.561038
6.1 0.851096 0.487559
6.2 0.896041 0.410862
6.3 0.933182 0.331594
6.4 0.962294 0.250347
6.5 0.983204 0.167667
6.6 0.995796 0.0840538
6.7 1 -1.7407e-05
6.8 0.995792 -0.0840885
6.9 0.983197 -0.167701
7 0.962283 -0.250381
7.1 0.933169 -0.331627
7.2 0.896024 -0.410894
7.3 0.851076 -0.48759
7.4 0.798613 -0.561067
7.5 0.738993 -0.630626
7.6 0.672643 -0.695521
7.7 0.60007 -0.754975
7.8 0.521856 -0.808199
7.9 0.438664 -0.854421
8 0.35123 -0.892914
8.1 0.26036 -0.923033
8.2 0.16692 -0.944244
8.3 0.0718216 -0.956158
8.4 -0.0239936 -0.958551
8.5 -0.119569 -0.951375
8.6 -0.213954 -0.934769
8.7 -0.306219 -0.909041
8.8 -0.395473 -0.874656
8.9 -0.480881 -0.832208
9 -0.561669 -0.782387
9.1 -0.637137 -0.725947
9.2 -0.706664 -0.663671
9.3 -0.769703 -0.596346
9.4 -0.82579 -0.524735
9.5 -0.874532 -0.449563
9.6 -0.915606 -0.371503
9.7 -0.948757 -0.291174
9.8 -0.973785 -0.209145
9.9 -0.990546 -0.125938
10 -0.998949 -0.0420378
10.1 -0.998946 0.0420902
10.2 -0.990539 0.12599
10.3 -0.973772 0.209197
10.4 -0.948738 0.291225
10.5 -0.915583 0.371552
10.6 -0.874504 0.449611
10.7 -0.825757 0.524781
10.8 -0.769666 0.59639
10.9 -0.706622 0.663711
11 -0.637092 0.725984
11.1 -0.56162 0.78242
11.2 -0.480829 0.832237
11.3 -0.395419 0.87468
11.4 -0.306162 0.909059
11.5 -0.213896 0.934782
11.6 -0.11951 0.951383
11.7 -0.0239339 0.958552
11.8 0.0718811 0.956154
11.9 0.166979 0.944234
12 0.260418 0.923016
12.1 0.351285 0.892892
12.2 0.438717 0.854394
12.3 0.521906 0.808168
12.4 0.600117 0.754939
12.5 0.672686 0.695482
12.6 0.739032 0.630584
12.7 0.798648 0.561023
12.8 0.851106 0.487543
12.9 0.896049 0.410845
13 0.933189 0.331577
13.1 0.962299 0.25033
13.2 0.983207 0.167649
13.3 0.995797 0.0840361
13.4 0.999999 -3.50858e-05
13.5 0.99579 -0.0841061
13.6 0.983193 -0.167718
13.7 0.962278 -0.250399
13.8 0.933161 -0.331644
13.9 0.896015 -0.410911
14 0.851065 -0.487606
14.1 0.798601 -0.561082
14.2 0.738979 -0.63064
14.3 0.672628 -0.695534
14.4 0.600054 -0.754986
14.5 0.521839 -0.808209
14.6 0.438645 -0.854429
14.7 0.351211 -0.892921
14.8 0.260341 -0.923038
14.9 0.1669 -0.944247
15 0.0718014 -0.956159
15.1 -0.0240138 -0.95855
15.2 -0.119589 -0.951372
15.3 -0.213974 -0.934764
15.4 -0.306238 -0.909034
15.5 -0.395491 -0.874648
15.6 -0.480898 -0.832198
15.7 -0.561685 -0.782375
15.8 -0.637152 -0.725934
15.9 -0.706677 -0.663657
16 -0.769716 -0.596331
16.1 -0.825801 -0.52472
16.2 -0.874541 -0.449547
16.3 -0.915614 -0.371486
16.4 -0.948762 -0.291157
16.5 -0.973789 -0.209128
16.6 -0.990549 -0.12592
16.7 -0.99895 -0.04202
16.8 -0.998945 0.042108
16.9 -0.990536 0.126008
17 -0.973767 0.209214
17.1 -0.948732 0.291242
17.2 -0.915575 0.371569
17.3 -0.874494 0.449627
17.4 -0.825746 0.524797
17.5 -0.769653 0.596404
17.6 -0.706608 0.663725
17.7 -0.637076 0.725996
17.8 -0.561603 0.782431
17.9 -0.480811 0.832246
18 -0.3954 0.874688
18.1 -0.306143 0.909066
18.2 -0.213876 0.934786
18.3 -0.11949 0.951385
18.4 -0.0239135 0.958552
18.5 0.0719014 0.956152
18.6 0.166999 0.94423
18.7 0.260437 0.923011
18.8 0.351304 0.892885
18.9 0.438735 0.854385
19 0.521923 0.808157
19.1 0.600132 0.754927
19.2 0.672701 0.695469
19.3 0.739045 0.63057
19.4 0.798659 0.561007
19.5 0.851116 0.487527
19.6 0.896057 0.410829
19.7 0.933196 0.33156
19.8 0.962304 0.250313
19.9 0.983211 0.167631
20 0.995799 0.0840182
20.1 0.999999 -5.30366e-05
20.2 0.995788 -0.084124
20.3 0.983189 -0.167736
20.4 0.962272 -0.250416
20.5 0.933154 -0.331661
20.6 0.896006 -0.410927
20.7 0.851054 -0.487622
20.8 0.798589 -0.561097
20.9 0.738965 -0.630654
21 0.672613 -0.695547
21.1 0.600037 -0.754998
21.2 0.521821 -0.80822
21.3 0.438627 -0.854438
21.4 0.351191 -0.892928
21.5 0.260321 -0.923043
21.6 0.16688 -0.944251
21.7 0.0717809 -0.956161
21.8 -0.0240343 -0.958549
21.9 -0.11961 -0.95137
22 -0.213993 -0.934759
22.1 -0.306257 -0.909027
22.2 -0.39551 -0.874639
22.3 -0.480916 -0.832188
22.4 -0.561702 -0.782364
22.5 -0.637168 -0.725921
22.6 -0.706691 -0.663643
22.7 -0.769728 -0.596316
22.8 -0.825812 -0.524704
22.9 -0.87455 -0.44953
23 -0.915621 -0.371469
23.1 -0.948768 -0.291139
23.2 -0.973793 -0.20911
23.3 -0.990551 -0.125902
23.4 -0.99895 -0.0420019
23.5 -0.998944 0.0421261
23.6 -0.990532 0.126025
23.7 -0.973762 0.209232
23.8 -0.948725 0.291259
23.9 -0.915567 0.371586
24 -0.874484 0.449643
24.1 -0.825734 0.524812
24.2 -0.76964 0.596419
24.3 -0.706593 0.663739
24.4 -0.637061 0.726009
24.5 -0.561586 0.782442
24.6 -0.480793 0.832256
24.7 -0.395381 0.874696
24.8 -0.306123 0.909072
24.9 -0.213855 0.93479
25 -0.119469 0.951387
25.1 -0.0238928 0.958552
25.2 0.071922 0.95615
25.3 0.167019 0.944226
25.4 0.260457 0.923005
25.5 0.351323 0.892877
25.6 0.438753 0.854375
25.7 0.52194 0.808146
25.8 0.600149 0.754915
25.9 0.672716 0.695455
26 0.739058 0.630555
26.1 0.798671 0.560992
26.2 0.851126 0.487511
26.3 0.896066 0.410812
26.4 0.933203 0.331542
26.5 0.962309 0.250295
26.6 0.983214 0.167613
26.7 0.9958 0.084
26.8 0.999999 -7.12593e-05
26.9 0.995786 -0.0841421
27 0.983185 -0.167754
27.1 0.962266 -0.250434
27.2 0.933146 -0.331678
27.3 0.895996 -0.410944
27.4 0.851043 -0.487638
27.5 0.798576 -0.561113
27.6 0.738951 -0.630669
27.7 0.672598 -0.69556
27.8 0.600021 -0.75501
27.9 0.521804 -0.80823
28 0.438608 -0.854447
28.1 0.351172 -0.892935
28.2 0.260301 -0.923048
28.3 0.166859 -0.944254
28.4 0.0717601 -0.956162
28.5 -0.0240551 -0.958548
28.6 -0.11963 -0.951367
28.7 -0.214014 -0.934754
28.8 -0.306277 -0.909021
28.9 -0.395529 -0.87463
29 -0.480934 -0.832177
29.1 -0.561719 -0.782352
29.2 -0.637183 -0.725908
29.3 -0.706705 -0.663629
29.4 -0.769741 -0.596301
29.5 -0.825823 -0.524688
29.6 -0.87456 -0.449513
29.7 -0.915629 -0.371451
29.8 -0.948774 -0.291122
29.9 -0.973797 -0.209092
30 -0.990553 -0.125884
30.1 -0.998951 -0.0419836
30.2 -0.998943 0.0421444
30.3 -0.990529 0.126044
30.4 -0.973757 0.20925
30.5 -0.948719 0.291277
30.6 -0.915558 0.371603
30.7 -0.874474 0.44966
30.8 -0.825722 0.524828
30.9 -0.769627 0.596434
31 -0.706579 0.663753
31.1 -0.637045 0.726021
31.2 -0.561569 0.782454
31.3 -0.480775 0.832266
31.4 -0.395362 0.874704
31.5 -0.306103 0.909078
31.6 -0.213835 0.934795
31.7 -0.119448 0.951389
31.8 -0.0238718 0.958552
31.9 0.0719429 0.956148
32 0.16704 0.944222
32.1 0.260477 0.922999
32.2 0.351343 0.892869
32.3 0.438772 0.854366
32.4 0.521958 0.808135
32.5 0.600165 0.754902
32.6 0.672731 0.695441
32.7 0.739072 0.63054
32.8 0.798683 0.560976
32.9 0.851136 0.487494
33 0.896075 0.410794
33.1 0.93321 0.331524
33.2 0.962314 0.250277
33.3 0.983217 0.167595
33.4 0.995802 0.0839815
33.5 0.999998 -8.97539e-05
33.6 0.995784 -0.0841605
33.7 0.983181 -0.167772
33.8 0.96226 -0.250452
33.9 0.933139 -0.331696
34 0.895987 -0.410961
34.1 0.851032 -0.487654
34.2 0.798563 -0.561128
34.3 0.738937 -0.630683
34.4 0.672582 -0.695574
34.5 0.600004 -0.755023
34.6 0.521786 -0.808241
34.7 0.438589 -0.854456
34.8 0.351152 -0.892942
34.9 0.26028 -0.923054
35 0.166839 -0.944257
35.1 0.071739 -0.956163
35.2 -0.0240762 -0.958547
35.3 -0.119651 -0.951364
35.4 -0.214034 -0.934749
35.5 -0.306297 -0.909014
35.6 -0.395548 -0.874622
35.7 -0.480952 -0.832167
35.8 -0.561736 -0.78234
35.9 -0.637199 -0.725894
36 -0.70672 -0.663614
36.1 -0.769754 -0.596285
36.2 -0.825834 -0.524671
36.3 -0.874569 -0.449496
36.4 -0.915637 -0.371434
36.5 -0.94878 -0.291104
36.6 -0.973801 -0.209074
36.7 -0.990556 -0.125865
36.8 -0.998951 -0.041965
36.9 -0.998941 0.042163
37 -0.990526 0.126062
37.1 -0.973752 0.209268
37.2 -0.948712 0.291295
37.3 -0.91555 0.37162
37.4 -0.874463 0.449677
37.5 -0.82571 0.524844
37.6 -0.769613 0.596449
37.7 -0.706564 0.663767
37.8 -0.637028 0.726034
37.9 -0.561551 0.782465
38 -0.480756 0.832276
38.1 -0.395342 0.874712
38.2 -0.306082 0.909084
38.3 -0.213814 0.934799
38.4 -0.119427 0.951392
38.5 -0.0238505 0.958553
38.6 0.0719642 0.956146
38.7 0.167061 0.944218
38.8 0.260497 0.922993
38.9 0.351362 0.892861
39 0.43879 0.854356
39.1 0.521976 0.808123
39.2 0.600181 0.754889
39.3 0.672746 0.695427
39.4 0.739085 0.630525
39.5 0.798695 0.56096
39.6 0.851147 0.487477
39.7 0.896084 0.410777
39.8 0.933217 0.331506
39.9 0.962319 0.250258
40 0.98322 0.167576
40.1 0.995803 0.0839628
40.2 0.999998 -0.00010852
40.3 0.995782 -0.0841792
40.4 0.983177 -0.167791
40.5 0.962254 -0.25047
40.6 0.933131 -0.331714
40.7 0.895978 -0.410978
40.8 0.851021 -0.487671
40.9 0.798551 -0.561144
41 0.738923 -0.630698
41.1 0.672566 -0.695588
41.2 0.599987 -0.755035
41.3 0.521767 -0.808252
41.4 0.43857 -0.854465
41.5 0.351132 -0.89295
41.6 0.260259 -0.923059
41.7 0.166817 -0.944261
41.8 0.0717176 -0.956164
41.9 -0.0240977 -0.958546
42 -0.119672 -0.951361
42.1 -0.214055 -0.934744
42.2 -0.306317 -0.909007
42.3 -0.395568 -0.874613
42.4 -0.48097 -0.832156
42.5 -0.561753 -0.782328
42.6 -0.637215 -0.725881
42.7 -0.706735 -0.663599
42.8 -0.769767 -0.596269
42.9 -0.825846 -0.524655
43 -0.874579 -0.449479
43.1 -0.915645 -0.371416
43.2 -0.948787 -0.291085
43.3 -0.973806 -0.209055
43.4 -0.990558 -0.125846
43.5 -0.998952 -0.0419461
43.6 -0.99894 0.0421819
43.7 -0.990523 0.126081
43.8 -0.973747 0.209287
43.9 -0.948705 0.291313
44 -0.915541 0.371638
44.1 -0.874453 0.449694
44.2 -0.825698 0.524861
44.3 -0.769599 0.596465
44.4 -0.706548 0.663781
44.5 -0.637012 0.726047
44.6 -0.561533 0.782477
44.7 -0.480737 0.832286
44.8 -0.395322 0.874721
44.9 -0.306062 0.909091
45 -0.213793 0.934804
45.1 -0.119406 0.951394
45.2 -0.0238289 0.958553
45.3 0.0719857 0.956144
45.4 0.167082 0.944214
45.5 0.260518 0.922987
45.6 0.351382 0.892853
45.7 0.438809 0.854346
45.8 0.521994 0.808112
45.9 0.600198 0.754876
46 0.672761 0.695413
46.1 0.739099 0.630509
46.2 0.798708 0.560943
46.3 0.851158 0.48746
46.4 0.896093 0.410759
46.5 0.933224 0.331488
46.6 0.962324 0.25024
46.7 0.983224 0.167557
46.8 0.995805 0.0839438
46.9 0.999997 -0.000127559
47 0.995779 -0.0841982
47.1 0.983173 -0.16781
47.2 0.962248 -0.250488
47.3 0.933123 -0.331732
47.4 0.895968 -0.410996
47.5 0.85101 -0.487688
47.6 0.798538 -0.56116
47.7 0.738908 -0.630713
47.8 0.67255 -0.695602
47.9 0.599969 -0.755047
48 0.521749 -0.808263
48.1 0.43855 -0.854475
48.2 0.351112 -0.892957
48.3 0.260238 -0.923065
48.4 0.166796 -0.944264
48.5 0.0716958 -0.956166
48.6 -0.0241194 -0.958545
48.7 -0.119694 -0.951358
48.8 -0.214076 -0.934739
48.9 -0.306337 -0.908999
49 -0.395587 -0.874604
49.1 -0.480989 -0.832146
49.2 -0.56177 -0.782315
49.3 -0.637231 -0.725867
49.4 -0.706749 -0.663584
49.5 -0.76978 -0.596253
49.6 -0.825857 -0.524638
49.7 -0.874589 -0.449461
49.8 -0.915653 -0.371398
49.9 -0.948793 -0.291067
50 -0.97381 -0.209036
50.1 -0.990561 -0.125827
50.2 -0.998952 -0.0419269
50.3 -0.998939 0.0422011
50.4 -0.99052 0.1261
50.5 -0.973742 0.209306
50.6 -0.948698 0.291332
50.7 -0.915532 0.371656
50.8 -0.874442 0.449711
50.9 -0.825686 0.524877
51 -0.769586 0.59648
51.1 -0.706533 0.663796
51.2 -0.636995 0.726061
51.3 -0.561515 0.782489
51.4 -0.480718 0.832296
51.5 -0.395302 0.874729
51.6 -0.306041 0.909098
51.7 -0.213771 0.934808
51.8 -0.119384 0.951396
51.9 -0.0238069 0.958553
52 0.0720075 0.956142
52.1 0.167104 0.94421
52.2 0.260539 0.922981
52.3 0.351403 0.892845
52.4 0.438829 0.854336
52.5 0.522012 0.8081
52.6 0.600215 0.754863
52.7 0.672777 0.695398
52.8 0.739114 0.630494
52.9 0.79872 0.560927
53 0.851168 0.487442
53.1 0.896102 0.410741
53.2 0.933231 0.33147
53.3 0.96233 0.250221
53.4 0.983227 0.167538
53.5 0.995806 0.0839245
53.6 0.999997 -0.000146869
53.7 0.995777 -0.0842175
53.8 0.983169 -0.167829
53.9 0.962242 -0.250507
54 0.933115 -0.33175
54.1 0.895958 -0.411014
54.2 0.850998 -0.487705
54.3 0.798524 -0.561177
54.4 0.738893 -0.630729
54.5 0.672534 -0.695616
54.6 0.599952 -0.75506
54.7 0.52173 -0.808274
54.8 0.438531 -0.854484
54.9 0.351091 -0.892965
55 0.260217 -0.92307
55.1 0.166774 -0.944268
55.2 0.0716738 -0.956167
55.3 -0.0241415 -0.958545
55.4 -0.119716 -0.951355
55.5 -0.214098 -0.934734
55.6 -0.306358 -0.908992
55.7 -0.395607 -0.874595
55.8 -0.481008 -0.832135
55.9 -0.561788 -0.782303
56 -0.637248 -0.725853
56.1 -0.706764 -0.663569
56.2 -0.769794 -0.596237
56.3 -0.825869 -0.524621
56.4 -0.874599 -0.449443
56.5 -0.915661 -0.371379
56.6 -0.948799 -0.291048
56.7 -0.973814 -0.209017
56.8 -0.990563 -0.125808
56.9 -0.998953 -0.0419074
57 -0.998937 0.0422205
57.1 -0.990517 0.126119
57.2 -0.973737 0.209325
57.3 -0.948691 0.29135
57.4 -0.915523 0.371674
57.5 -0.874432 0.449729
57.6 -0.825674 0.524894
57.7 -0.769571 0.596496
57.8 -0.706517 0.663811
57.9 -0.636978 0.726074
58 -0.561497 0.782501
58.1 -0.480698 0.832307
58.2 -0.395282 0.874738
58.3 -0.30602 0.909104
58.4 -0.21375 0.934813
58.5 -0.119362 0.951399
58.6 -0.0237847 0.958553
58.7 0.0720297 0.95614
58.8 0.167126 0.944206
58.9 0.260561 0.922974
59 0.351423 0.892837
59.1 0.438849 0.854326
59.2 0.522031 0.808088
59.3 0.600233 0.75485
59.4 0.672793 0.695384
59.5 0.739128 0.630478
59.6 0.798733 0.56091
59.7 0.851179 0.487425
59.8 0.896111 0.410723
59.9 0.933238 0.331451
60 0.962335 0.250202
60.1 0.983231 0.167519
60.2 0.995808 0.083905
60.3 0.999997 -0.000166451
60.4 0.995775 -0.084237
60.5 0.983165 -0.167848
60.6 0.962236 -0.250526
60.7 0.933107 -0.331769
60.8 0.895948 -0.411032
60.9 0.850987 -0.487722
61 0.798511 -0.561193
61.1 0.738879 -0.630744
61.2 0.672518 -0.69563
61.3 0.599934 -0.755073
61.4 0.521711 -0.808285
61.5 0.43851 -0.854494
61.6 0.35107 -0.892973
61.7 0.260195 -0.923076
61.8 0.166752 -0.944271
61.9 0.0716514 -0.956168
62 -0.0241639 -0.958544
62.1 -0.119738 -0.951352
62.2 -0.214119 -0.934729
62.3 -0.306379 -0.908985
62.4 -0.395628 -0.874585
62.5 -0.481027 -0.832124
62.6 -0.561806 -0.78229
62.7 -0.637265 -0.725839
62.8 -0.70678 -0.663554
62.9 -0.769807 -0.596221
63 -0.825881 -0.524603
63.1 -0.874609 -0.449425
63.2 -0.91567 -0.37136
63.3 -0.948806 -0.291029
63.4 -0.973819 -0.208997
63.5 -0.990566 -0.125788
63.6 -0.998954 -0.0418877
63.7 -0.998936 0.0422402
63.8 -0.990513 0.126139
63.9 -0.973731 0.209344
64 -0.948684 0.291369
64.1 -0.915514 0.371693
64.2 -0.874421 0.449747
64.3 -0.825661 0.524911
64.4 -0.769557 0.596512
64.5 -0.706501 0.663826
64.6 -0.63696 0.726088
64.7 -0.561478 0.782513
64.8 -0.480679 0.832317
64.9 -0.395261 0.874747
65 -0.305998 0.909111
65.1 -0.213728 0.934817
65.2 -0.119339 0.951401
65.3 -0.0237622 0.958554
65.4 0.0720521 0.956138
65.5 0.167148 0.944201
65.6 0.260582 0.922968
65.7 0.351444 0.892828
65.8 0.438868 0.854316
65.9 0.522049 0.808076
66 0.60025 0.754836
66.1 0.672809 0.695369
66.2 0.739143 0.630462
66.3 0.798746 0.560893
66.4 0.851191 0.487407
66.5 0.89612 0.410704
66.6 0.933246 0.331432
66.7 0.962341 0.250182
66.8 0.983235 0.167499
66.9 0.995809 0.0838851
67 0.999996 -0.000186305
67.1 0.995772 -0.0842567
67.2 0.98316 -0.167868
67.3 0.96223 -0.250546
67.4 0.933099 -0.331788
67.5 0.895938 -0.41105
67.6 0.850975 -0.48774
67.7 0.798498 -0.56121
67.8 0.738863 -0.63076
67.9 0.672501 -0.695644
68 0.599916 -0.755086
68.1 0.521692 -0.808297
68.2 0.43849 -0.854504
68.3 0.351049 -0.892981
68.4 0.260173 -0.923082
68.5 0.16673 -0.944275
68.6 0.0716288 -0.95617
68.7 -0.0241866 -0.958543
68.8 -0.11976 -0.951348
68.9 -0.214142 -0.934723
69 -0.306401 -0.908977
69.1 -0.395648 -0.874576
69.2 -0.481047 -0.832112
69.3 -0.561825 -0.782277
69.4 -0.637282 -0.725824
69.5 -0.706795 -0.663538
69.6 -0.769821 -0.596204
69.7 -0.825893 -0.524586
69.8 -0.87462 -0.449407
69.9 -0.915678 -0.371342
70 -0.948812 -0.291009
70.1 -0.973824 -0.208978
70.2 -0.990569 -0.125768
70.3 -0.998954 -0.0418677
70.4 -0.998935 0.0422601
70.5 -0.99051 0.126159
70.6 -0.973726 0.209364
70.7 -0.948676 0.291389
70.8 -0.915505 0.371712
70.9 -0.87441 0.449765
71 -0.825648 0.524929
71.1 -0.769543 0.596529
71.2 -0.706485 0.663841
71.3 -0.636943 0.726102
71.4 -0.56146 0.782526
71.5 -0.480659 0.832328
71.6 -0.39524 0.874755
71.7 -0.305977 0.909118
71.8 -0.213705 0.934822
71.9 -0.119317 0.951404
72 -0.0237393 0.958554
72.1 0.0720749 0.956136
72.2 0.16717 0.944197
72.3 0.260604 0.922961
72.4 0.351465 0.89282
72.5 0.438889 0.854305
72.6 0.522069 0.808064
72.7 0.600268 0.754823
72.8 0.672825 0.695354
72.9 0.739157 0.630445
73 0.798759 0.560875
73.1 0.851202 0.487389
73.2 0.89613 0.410686
73.3 0.933253 0.331412
73.4 0.962346 0.250162
73.5 0.983238 0.167479
73.6 0.995811 0.083865
73.7 0.999996 -0.000206431
73.8 0.99577 -0.0842768
73.9 0.983156 -0.167888
74 0.962223 -0.250565
74.1 0.933091 -0.331807
74.2 0.895928 -0.411069
74.3 0.850963 -0.487758
74.4 0.798484 -0.561227
74.5 0.738848 -0.630776
74.6 0.672484 -0.695659
74.7 0.599898 -0.7551
74.8 0.521672 -0.808309
74.9 0.438469 -0.854514
75 0.351027 -0.892989
75.1 0.260151 -0.923088
75.2 0.166707 -0.944278
75.3 0.0716058 -0.956171
75.4 -0.0242096 -0.958542
75.5 -0.119783 -0.951345
75.6 -0.214164 -0.934718
75.7 -0.306422 -0.90897
75.8 -0.395669 -0.874566
75.9 -0.481067 -0.832101
76 -0.561843 -0.782264
76.1 -0.637299 -0.72581
76.2 -0.706811 -0.663522
76.3 -0.769835 -0.596187
76.4 -0.825905 -0.524568
76.5 -0.87463 -0.449388
76.6 -0.915687 -0.371322
76.7 -0.948819 -0.29099
76.8 -0.973828 -0.208958
76.9 -0.990571 -0.125748
77 -0.998955 -0.0418475
77.1 -0.998933 0.0422804
77.2 -0.990506 0.126179
77.3 -0.973721 0.209384
77.4 -0.948669 0.291408
77.5 -0.915496 0.371731
77.6 -0.874399 0.449783
77.7 -0.825635 0.524946
77.8 -0.769528 0.596545
77.9 -0.706469 0.663857
78 -0.636925 0.726116
78.1 -0.561441 0.782538
78.2 -0.480638 0.832339
78.3 -0.395219 0.874765
78.4 -0.305954 0.909125
78.5 -0.213683 0.934827
78.6 -0.119294 0.951406
78.7 -0.0237161 0.958554
78.8 0.072098 0.956134
78.9 0.167193 0.944193
79 0.260626 0.922955
79.1 0.351487 0.892811
79.2 0.438909 0.854295
79.3 0.522088 0.808052
79.4 0.600286 0.754809
79.5 0.672842 0.695338
79.6 0.739172 0.630429
79.7 0.798772 0.560858
79.8 0.851213 0.487371
79.9 0.896139 0.410667
80 0.933261 0.331393
80.1 0.962352 0.250143
80.2 0.983242 0.167459
80.3 0.995813 0.0838447
80.4 0.999996 -0.000226829
80.5 0.995767 -0.0842971
80.6 0.983151 -0.167908
80.7 0.962217 -0.250585
80.8 0.933082 -0.331826
80.9 0.895918 -0.411088
81 0.850951 -0.487776
81.1 0.79847 -0.561244
81.2 0.738832 -0.630792
81.3 0.672467 -0.695674
81.4 0.599879 -0.755113
81.5 0.521652 -0.80832
81.6 0.438449 -0.854524
81.7 0.351005 -0.892997
81.8 0.260129 -0.923094
81.9 0.166684 -0.944282
82 0.0715825 -0.956173
82.1 -0.0242329 -0.958541
82.2 -0.119806 -0.951342
82.3 -0.214187 -0.934712
82.4 -0.306444 -0.908962
82.5 -0.39569 -0.874557
82.6 -0.481087 -0.832089
82.7 -0.561862 -0.782251
82.8 -0.637316 -0.725795
82.9 -0.706827 -0.663506
83 -0.769849 -0.59617
83.1 -0.825918 -0.52455
83.2 -0.874641 -0.449369
83.3 -0.915696 -0.371303
83.4 -0.948826 -0.29097
83.5 -0.973833 -0.208938
83.6 -0.990574 -0.125728
83.7 -0.998956 -0.041827
83.8 -0.998932 0.0423009
83.9 -0.990503 0.126199
84 -0.973715 0.209404
84.1 -0.948662 0.291428
84.2 -0.915486 0.37175
84.3 -0.874387 0.449802
84.4 -0.825622 0.524964
84.5 -0.769513 0.596562
84.6 -0.706453 0.663872
84.7 -0.636907 0.72613
84.8 -0.561421 0.782551
84.9 -0.480618 0.83235
85 -0.395197 0.874774
85.1 -0.305932 0.909132
85.2 -0.21366 0.934832
85.3 -0.11927 0.951409
85.4 -0.0236927 0.958554
85.5 0.0721214 0.956132
85.6 0.167216 0.944188
85.7 0.260649 0.922948
85.8 0.351508 0.892802
85.9 0.43893 0.854284
86 0.522108 0.808039
86.1 0.600304 0.754795
86.2 0.672859 0.695323
86.3 0.739188 0.630412
86.4 0.798786 0.56084
86.5 0.851225 0.487352
86.6 0.896149 0.410647
86.7 0.933269 0.331373
86.8 0.962358 0.250122
86.9 0.983246 0.167438
87 0.995815 0.0838241
87.1 0.999995 -0.000247499
87.2 0.995765 -0.0843177
87.3 0.983147 -0.167928
87.4 0.962211 -0.250605
87.5 0.933074 -0.331846
87.6 0.895907 -0.411107
87.7 0.850938 -0.487794
87.8 0.798456 -0.561262
87.9 0.738817 -0.630808
88 0.67245 -0.695689
88.1 0.59986 -0.755127
88.2 0.521632 -0.808332
88.3 0.438427 -0.854534
88.4 0.350983 -0.893005
88.5 0.260106 -0.9231
88.6 0.166661 -0.944286
88.7 0.0715589 -0.956174
88.8 -0.0242565 -0.95854
88.9 -0.11983 -0.951339
89 -0.21421 -0.934707
89.1 -0.306467 -0.908954
89.2 -0.395712 -0.874547
89.3 -0.481107 -0.832078
89.4 -0.561881 -0.782238
89.5 -0.637334 -0.72578
89.6 -0.706843 -0.66349
89.7 -0.769864 -0.596153
89.8 -0.825931 -0.524531
89.9 -0.874651 -0.44935
90 -0.915704 -0.371283
90.1 -0.948833 -0.29095
90.2 -0.973838 -0.208917
90.3 -0.990577 -0.125707
90.4 -0.998956 -0.0418061
90.5 -0.99893 0.0423217
90.6 -0.9905 0.12622
90.7 -0.97371 0.209424
90.8 -0.948654 0.291448
90.9 -0.915477 0.371769
91 -0.874376 0.449821
91.1 -0.825609 0.524982
91.2 -0.769498 0.596579
91.3 -0.706436 0.663888
91.4 -0.636889 0.726145
91.5 -0.561402 0.782564
91.6 -0.480597 0.832361
91.7 -0.395175 0.874783
91.8 -0.305909 0.909139
91.9 -0.213636 0.934837
92 -0.119247 0.951412
92.1 -0.0236689 0.958555
92.2 0.0721451 0.95613
92.3 0.167239 0.944184
92.4 0.260672 0.922942
92.5 0.35153 0.892794
92.6 0.438951 0.854273
92.7 0.522127 0.808027
92.8 0.600323 0.75478
92.9 0.672876 0.695307
93 0.739203 0.630395
93.1 0.798799 0.560822
93.2 0.851237 0.487333
93.3 0.896159 0.410628
93.4 0.933277 0.331353
93.5 0.962364 0.250102
93.6 0.983249 0.167418
93.7 0.995816 0.0838031
93.8 0.999995 -0.000268441
93.9 0.995763 -0.0843386
94 0.983142 -0.167949
94.1 0.962204 -0.250625
94.2 0.933065 -0.331866
94.3 0.895897 -0.411126
94.4 0.850926 -0.487813
94.5 0.798441 -0.561279
94.6 0.738801 -0.630825
94.7 0.672432 -0.695705
94.8 0.599841 -0.755141
94.9 0.521612 -0.808345
95 0.438406 -0.854544
95.1 0.350961 -0.893013
95.2 0.260083 -0.923106
95.3 0.166637 -0.94429
95.4 0.071535 -0.956176
95.5 -0.0242804 -0.958539
95.6 -0.119853 -0.951335
95.7 -0.214233 -0.934701
95.8 -0.306489 -0.908947
95.9 -0.395733 -0.874537
96 -0.481128 -0.832066
96.1 -0.561901 -0.782224
96.2 -0.637352 -0.725765
96.3 -0.706859 -0.663474
96.4 -0.769878 -0.596135
96.5 -0.825943 -0.524513
96.6 -0.874662 -0.449331
96.7 -0.915713 -0.371263
96.8 -0.948839 -0.290929
96.9 -0.973843 -0.208896
97 -0.99058 -0.125686
97.1 -0.998957 -0.0417851
97.2 -0.998929 0.0423427
97.3 -0.990496 0.126241
97.4 -0.973704 0.209445
97.5 -0.948646 0.291468
97.6 -0.915467 0.371789
97.7 -0.874364 0.44984
97.8 -0.825595 0.525
97.9 -0.769483 0.596597
98 -0.706419 0.663904
98.1 -0.63687 0.72616
98.2 -0.561382 0.782577
98.3 -0.480576 0.832373
98.4 -0.395153 0.874792
98.5 -0.305887 0.909146
98.6 -0.213613 0.934842
98.7 -0.119223 0.951414
98.8 -0.0236448 0.958555
98.9 0.0721691 0.956128
99 0.167263 0.944179
99.1 0.260695 0.922935
99.2 0.351553 0.892785
99.3 0.438972 0.854262
99.4 0.522148 0.808014
99.5 0.600342 0.754766
99.6 0.672893 0.695291
99.7 0.739219 0.630378
99.8 0.798813 0.560804
99.9 0.851249 0.487314
100 0.896169 0.410608
100.1 0.933285 0.331333
100.2 0.96237 0.250081
100.3 0.983253 0.167397
100.4 0.995818 0.083782
100.5 0.999994 -0.000289654
100.6 0.99576 -0.0843597
100.7 0.983138 -0.16797
100.8 0.962197 -0.250646
100.9 0.933056 -0.331886
101 0.895886 -0.411145
101.1 0.850913 -0.487832
101.2 0.798427 -0.561297
101.3 0.738784 -0.630842
101.4 0.672414 -0.69572
101.5 0.599822 -0.755155
101.6 0.521591 -0.808357
101.7 0.438384 -0.854555
101.8 0.350938 -0.893021
101.9 0.260059 -0.923112
102 0.166613 -0.944294
102.1 0.0715108 -0.956177
102.2 -0.0243047 -0.958538
102.3 -0.119878 -0.951332
102.4 -0.214256 -0.934695
102.5 -0.306512 -0.908939
102.6 -0.395755 -0.874527
102.7 -0.481149 -0.832054
102.8 -0.56192 -0.78221
102.9 -0.63737 -0.72575
103 -0.706876 -0.663457
103.1 -0.769893 -0.596117
103.2 -0.825956 -0.524494
103.3 -0.874673 -0.449311
103.4 -0.915722 -0.371243
103.5 -0.948847 -0.290908
103.6 -0.973848 -0.208875
103.7 -0.990582 -0.125665
103.8 -0.998958 -0.0417637
103.9 -0.998928 0.0423641
104 -0.990492 0.126262
104.1 -0.973698 0.209466
104.2 -0.948639 0.291489
104.3 -0.915457 0.371809
104.4 -0.874352 0.449859
104.5 -0.825582 0.525019
104.6 -0.769467 0.596614
104.7 -0.706402 0.66392
104.8 -0.636852 0.726175
104.9 -0.561362 0.78259
105 -0.480555 0.832384
105.1 -0.395131 0.874802
105.2 -0.305863 0.909154
105.3 -0.213589 0.934847
105.4 -0.119198 0.951417
105.5 -0.0236204 0.958555
105.6 0.0721934 0.956126
105.7 0.167287 0.944175
105.8 0.260718 0.922928
105.9 0.351575 0.892776
106 0.438994 0.854251
106.1 0.522168 0.808001
106.2 0.600361 0.754751
106.3 0.67291 0.695275
106.4 0.739234 0.630361
106.5 0.798827 0.560786
106.6 0.851261 0.487295
106.7 0.896179 0.410588
106.8 0.933293 0.331312
106.9 0.962376 0.25006
107 0.983257 0.167375
107.1 0.99582 0.0837605
107.2 0.999994 -0.00031114
107.3 0.995758 -0.0843811
107.4 0.983133 -0.167991
107.5 0.96219 -0.250667
107.6 0.933048 -0.331906
107.7 0.895875 -0.411165
107.8 0.8509 -0.487851
107.9 0.798412 -0.561315
108 0.738768 -0.630859
108.1 0.672396 -0.695736
108.2 0.599802 -0.755169
108.3 0.52157 -0.808369
108.4 0.438362 -0.854565
108.5 0.350915 -0.89303
108.6 0.260036 -0.923118
108.7 0.166589 -0.944298
108.8 0.0714863 -0.956179
108.9 -0.0243292 -0.958537
109 -0.119902 -0.951329
109.1 -0.21428 -0.93469
109.2 -0.306535 -0.908931
109.3 -0.395778 -0.874517
109.4 -0.48117 -0.832042
109.5 -0.56194 -0.782196
109.6 -0.637388 -0.725734
109.7 -0.706892 -0.66344
109.8 -0.769908 -0.596099
109.9 -0.82597 -0.524475
110 -0.874685 -0.449292
110.1 -0.915732 -0.371223
110.2 -0.948854 -0.290888
110.3 -0.973853 -0.208854
110.4 -0.990585 -0.125643
110.5 -0.998958 -0.0417421
110.6 -0.998926 0.0423856
110.7 -0.990489 0.126283
110.8 -0.973693 0.209487
110.9 -0.948631 0.291509
111 -0.915447 0.371829
111.1 -0.874341 0.449879
111.2 -0.825568 0.525038
111.3 -0.769452 0.596632
111.4 -0.706384 0.663937
111.5 -0.636833 0.72619
111.6 -0.561341 0.782604
111.7 -0.480533 0.832396
111.8 -0.395108 0.874811
111.9 -0.30584 0.909161
112 -0.213565 0.934852
112.1 -0.119174 0.95142
112.2 -0.0235957 0.958555
112.3 0.072218 0.956123
112.4 0.167311 0.94417
112.5 0.260742 0.922921
112.6 0.351598 0.892766
112.7 0.439016 0.85424
112.8 0.522189 0.807988
112.9 0.60038 0.754736
113 0.672928 0.695259
113.1 0.73925 0.630343
113.2 0.798841 0.560767
113.3 0.851273 0.487275
113.4 0.896189 0.410568
113.5 0.933301 0.331291
113.6 0.962382 0.250039
113.7 0.983261 0.167354
113.8 0.995822 0.0837388
113.9 0.999994 -0.000332897
114 0.995755 -0.0844028
114.1 0.983128 -0.168012
114.2 0.962184 -0.250688
114.3 0.933039 -0.331927
114.4 0.895864 -0.411185
114.5 0.850887 -0.48787
114.6 0.798398 -0.561334
114.7 0.738751 -0.630876
114.8 0.672378 -0.695752
114.9 0.599782 -0.755183
115 0.521549 -0.808382
115.1 0.43834 -0.854576
115.2 0.350892 -0.893039
115.3 0.260011 -0.923125
115.4 0.166564 -0.944302
115.5 0.0714615 -0.95618
115.6 -0.0243541 -0.958536
115.7 -0.119926 -0.951325
115.8 -0.214304 -0.934684
115.9 -0.306559 -0.908922
116 -0.3958 -0.874506
116.1 -0.481191 -0.832029
116.2 -0.56196 -0.782182
116.3 -0.637407 -0.725719
116.4 -0.706909 -0.663423
116.5 -0.769923 -0.596081
116.6 -0.825983 -0.524456
116.7 -0.874696 -0.449272
116.8 -0.915741 -0.371202
116.9 -0.948861 -0.290866
117 -0.973858 -0.208832
117.1 -0.990588 -0.125622
117.2 -0.998959 -0.0417202
117.3 -0.998925 0.0424075
117.4 -0.990485 0.126305
117.5 -0.973687 0.209508
117.6 -0.948623 0.291531
117.7 -0.915437 0.37185
117.8 -0.874328 0.449899
117.9 -0.825554 0.525057
118 -0.769436 0.59665
118.1 -0.706367 0.663954
118.2 -0.636814 0.726205
118.3 -0.561321 0.782618
118.4 -0.480511 0.832407
118.5 -0.395085 0.874821
118.6 -0.305816 0.909169
118.7 -0.21354 0.934857
118.8 -0.119149 0.951423
118.9 -0.0235706 0.958556
119 0.0722429 0.956121
119.1 0.167336 0.944166
119.2 0.260766 0.922914
119.3 0.351621 0.892757
119.4 0.439038 0.854229
119.5 0.522209 0.807974
119.6 0.600399 0.754721
119.7 0.672946 0.695242
119.8 0.739267 0.630325
119.9 0.798856 0.560748
120 0.851286 0.487255
120.1 0.8962 0.410547
120.2 0.933309 0.33127
120.3 0.962388 0.250017
120.4 0.983265 0.167332
120.5 0.995823 0.0837168
120.6 0.999993 -0.000354926
120.7 0.995752 -0.0844247
120.8 0.983124 -0.168034
120.9 0.962177 -0.250709
121 0.93303 -0.331948
121.1 0.895853 -0.411206
121.2 0.850874 -0.48789
121.3 0.798383 -0.561352
121.4 0.738735 -0.630894
121.5 0.672359 -0.695768
121.6 0.599762 -0.755198
121.7 0.521528 -0.808395
121.8 0.438317 -0.854587
121.9 0.350868 -0.893047
122 0.259987 -0.923131
122.1 0.166539 -0.944306
122.2 0.0714364 -0.956182
122.3 -0.0243792 -0.958535
122.4 -0.119951 -0.951322
122.5 -0.214329 -0.934678
122.6 -0.306583 -0.908914
122.7 -0.395823 -0.874496
122.8 -0.481213 -0.832017
122.9 -0.56198 -0.782168
123 -0.637426 -0.725703
123.1 -0.706927 -0.663406
123.2 -0.769939 -0.596062
123.3 -0.825996 -0.524436
123.4 -0.874707 -0.449251
123.5 -0.91575 -0.371181
123.6 -0.948868 -0.290845
123.7 -0.973863 -0.208811
123.8 -0.990591 -0.125599
123.9 -0.99896 -0.0416981
124 -0.998923 0.0424297
124.1 -0.990481 0.126327
124.2 -0.973681 0.20953
124.3 -0.948615 0.291552
124.4 -0.915427 0.371871
124.5 -0.874316 0.449919
124.6 -0.82554 0.525076
124.7 -0.76942 0.596668
124.8 -0.706349 0.663971
124.9 -0.636794 0.72622
125 -0.5613 0.782631
125.1 -0.480489 0.832419
125.2 -0.395062 0.874831
125.3 -0.305792 0.909176
125.4 -0.213516 0.934863
125.5 -0.119124 0.951425
125.6 -0.0235453 0.958556
125.7 0.0722682 0.956119
125.8 0.167361 0.944161
125.9 0.26079 0.922907
126 0.351645 0.892748
126.1 0.43906 0.854217
126.2 0.522231 0.807961
126.3 0.600419 0.754706
126.4 0.672964 0.695226
126.5 0.739283 0.630307
126.6 0.79887 0.560729
126.7 0.851298 0.487235
126.8 0.89621 0.410526
126.9 0.933318 0.331249
127 0.962394 0.249995
127.1 0.983269 0.16731
127.2 0.995825 0.0836946
127.3 0.999993 -0.000377228
127.4 0.99575 -0.084447
127.5 0.983119 -0.168056
127.6 0.96217 -0.250731
127.7 0.933021 -0.331969
127.8 0.895842 -0.411226
127.9 0.850861 -0.487909
128 0.798367 -0.561371
128.1 0.738717 -0.630911
128.2 0.672341 -0.695784
128.3 0.599742 -0.755212
128.4 0.521506 -0.808408
128.5 0.438294 -0.854598
128.6 0.350844 -0.893056
128.7 0.259963 -0.923138
128.8 0.166514 -0.94431
128.9 0.0714109 -0.956183
129 -0.0244047 -0.958534
129.1 -0.119977 -0.951318
129.2 -0.214354 -0.934672
129.3 -0.306607 -0.908906
129.4 -0.395846 -0.874485
129.5 -0.481235 -0.832004
129.6 -0.562001 -0.782154
129.7 -0.637445 -0.725687
129.8 -0.706944 -0.663388
129.9 -0.769954 -0.596044
130 -0.82601 -0.524417
130.1 -0.874719 -0.449231
130.2 -0.91576 -0.37116
130.3 -0.948876 -0.290823
130.4 -0.973868 -0.208788
130.5 -0.990594 -0.125577
130.6 -0.99896 -0.0416756
130.7 -0.998922 0.0424521
130.8 -0.990478 0.126349
130.9 -0.973675 0.209552
131 -0.948607 0.291573
131.1 -0.915417 0.371892
131.2 -0.874304 0.449939
131.3 -0.825525 0.525095
131.4 -0.769404 0.596686
131.5 -0.706331 0.663988
131.6 -0.636775 0.726236
131.7 -0.561279 0.782645
131.8 -0.480466 0.832431
131.9 -0.395038 0.874841
132 -0.305767 0.909184
132.1 -0.213491 0.934868
132.2 -0.119098 0.951428
132.3 -0.0235197 0.958556
132.4 0.0722937 0.956117
132.5 0.167386 0.944156
132.6 0.260815 0.9229
132.7 0.351669 0.892738
132.8 0.439083 0.854205
132.9 0.522252 0.807947
133 0.600439 0.754691
133.1 0.672983 0.695209
133.2 0.7393 0.630289
133.3 0.798885 0.560709
133.4 0.851311 0.487215
133.5 0.896221 0.410505
133.6 0.933326 0.331227
133.7 0.962401 0.249973
133.8 0.983273 0.167288
133.9 0.995827 0.083672
134 0.999993 -0.000399801
134.1 0.995747 -0.0844695
134.2 0.983114 -0.168078
134.3 0.962163 -0.250753
134.4 0.933011 -0.331991
134.5 0.895831 -0.411247
134.6 0.850848 -0.487929
134.7 0.798352 -0.56139
134.8 0.7387 -0.630929
134.9 0.672322 -0.695801
135 0.599722 -0.755227
135.1 0.521484 -0.808421
135.2 0.438271 -0.854609
135.3 0.35082 -0.893065
135.4 0.259938 -0.923144
135.5 0.166489 -0.944314
135.6 0.0713852 -0.956185
135.7 -0.0244305 -0.958533
135.8 -0.120002 -0.951315
135.9 -0.214379 -0.934666
136 -0.306631 -0.908898
136.1 -0.395869 -0.874475
136.2 -0.481257 -0.831992
136.3 -0.562022 -0.782139
136.4 -0.637464 -0.725671
136.5 -0.706962 -0.663371
136.6 -0.76997 -0.596025
136.7 -0.826024 -0.524397
136.8 -0.874731 -0.44921
136.9 -0.91577 -0.371138
137 -0.948883 -0.290801
137.1 -0.973873 -0.208766
137.2 -0.990597 -0.125555
137.3 -0.998961 -0.0416529
137.4 -0.99892 0.0424748
137.5 -0.990474 0.126372
137.6 -0.973669 0.209574
137.7 -0.948598 0.291595
137.8 -0.915407 0.371913
137.9 -0.874291 0.44996
138 -0.825511 0.525115
138.1 -0.769387 0.596705
138.2 -0.706313 0.664005
138.3 -0.636755 0.726252
138.4 -0.561257 0.782659
138.5 -0.480444 0.832444
138.6 -0.395015 0.874851
138.7 -0.305743 0.909192
138.8 -0.213465 0.934873
138.9 -0.119072 0.951431
139 -0.0234937 0.958557
139.1 0.0723196 0.956114
139.2 0.167411 0.944151
139.3 0.26084 0.922892
139.4 0.351693 0.892729
139.5 0.439106 0.854194
139.6 0.522274 0.807934
139.7 0.600459 0.754675
139.8 0.673001 0.695192
139.9 0.739316 0.630271
140 0.7989 0.56069
140.1 0.851324 0.487194
140.2 0.896232 0.410484
140.3 0.933335 0.331205
140.4 0.962407 0.249951
140.5 0.983278 0.167265
140.6 0.995829 0.0836492
140.7 0.999992 -0.000422646
140.8 0.995745 -0.0844922
140.9 0.983109 -0.168101
141 0.962155 -0.250775
141.1 0.933002 -0.332012
141.2 0.895819 -0.411268
141.3 0.850834 -0.48795
141.4 0.798336 -0.561409
141.5 0.738683 -0.630947
141.6 0.672303 -0.695817
141.7 0.599701 -0.755242
141.8 0.521462 -0.808434
141.9 0.438248 -0.85462
142 0.350796 -0.893074
142.1 0.259912 -0.923151
142.2 0.166463 -0.944318
142.3 0.0713591 -0.956186
142.4 -0.0244566 -0.958532
142.5 -0.120028 -0.951311
142.6 -0.214404 -0.93466
142.7 -0.306656 -0.908889
142.8 -0.395893 -0.874464
142.9 -0.48128 -0.831979
143 -0.562043 -0.782124
143.1 -0.637484 -0.725654
143.2 -0.706979 -0.663353
143.3 -0.769986 -0.596006
143.4 -0.826038 -0.524376
143.5 -0.874743 -0.449189
143.6 -0.915779 -0.371116
143.7 -0.948891 -0.290779
143.8 -0.973879 -0.208743
143.9 -0.9906 -0.125532
144 -0.998962 -0.04163
144.1 -0.998919 0.0424977
144.2 -0.99047 0.126395
144.3 -0.973663 0.209597
144.4 -0.94859 0.291617
144.5 -0.915396 0.371935
144.6 -0.874279 0.44998
144.7 -0.825496 0.525135
144.8 -0.769371 0.596724
144.9 -0.706295 0.664023
145 -0.636735 0.726268
145.1 -0.561236 0.782674
145.2 -0.480421 0.832456
145.3 -0.394991 0.874861
145.4 -0.305718 0.9092
145.5 -0.213439 0.934879
145.6 -0.119046 0.951434
145.7 -0.0234674 0.958557
145.8 0.0723457 0.956112
145.9 0.167437 0.944146
146 0.260865 0.922885
146.1 0.351717 0.892719
146.2 0.439129 0.854182
146.3 0.522296 0.80792
146.4 0.60048 0.75466
146.5 0.67302 0.695174
146.6 0.739333 0.630252
146.7 0.798915 0.56067
146.8 0.851337 0.487174
146.9 0.896243 0.410462
147 0.933344 0.331183
147.1 0.962414 0.249928
147.2 0.983282 0.167242
147.3 0.995831 0.0836261
147.4 0.999992 -0.000445763
147.5 0.995742 -0.0845153
147.6 0.983104 -0.168124
147.7 0.962148 -0.250798
147.8 0.932992 -0.332034
147.9 0.895807 -0.41129
148 0.85082 -0.48797
148.1 0.798321 -0.561429
148.2 0.738665 -0.630966
148.3 0.672283 -0.695834
148.4 0.59968 -0.755258
148.5 0.521439 -0.808448
148.6 0.438224 -0.854632
148.7 0.350771 -0.893083
148.8 0.259887 -0.923158
148.9 0.166437 -0.944322
149 0.0713327 -0.956188
149.1 -0.024483 -0.958531
149.2 -0.120054 -0.951308
149.3 -0.21443 -0.934654
149.4 -0.306681 -0.90888
149.5 -0.395917 -0.874453
149.6 -0.481302 -0.831966
149.7 -0.562064 -0.782109
149.8 -0.637504 -0.725637
149.9 -0.706997 -0.663334
150 -0.770002 -0.595986
150.1 -0.826052 -0.524356
150.2 -0.874755 -0.449167
150.3 -0.915789 -0.371094
150.4 -0.948898 -0.290756
150.5 -0.973884 -0.208721
150.6 -0.990603 -0.125509
150.7 -0.998963 -0.0416067
150.8 -0.998917 0.0425209
150.9 -0.990466 0.126418
151 -0.973657 0.20962
151.1 -0.948582 0.29164
151.2 -0.915385 0.371956
151.3 -0.874266 0.450002
151.4 -0.825481 0.525155
151.5 -0.769354 0.596743
151.6 -0.706276 0.66404
151.7 -0.636714 0.726284
151.8 -0.561214 0.782688
151.9 -0.480398 0.832469
152 -0.394966 0.874872
152.1 -0.305692 0.909208
152.2 -0.213413 0.934884
152.3 -0.11902 0.951437
152.4 -0.0234409 0.958557
152.5 0.0723722 0.95611
152.6 0.167463 0.944141
152.7 0.26089 0.922877
152.8 0.351742 0.892709
152.9 0.439153 0.85417
153 0.522318 0.807906
153.1 0.6005 0.754644
153.2 0.673039 0.695157
153.3 0.739351 0.630233
153.4 0.79893 0.56065
153.5 0.85135 0.487153
153.6 0.896254 0.410441
153.7 0.933353 0.331161
153.8 0.96242 0.249906
153.9 0.983286 0.167219
154 0.995833 0.0836028
154.1 0.999991 -0.000469151
154.2 0.995739 -0.0845386
154.3 0.983099 -0.168147
154.4 0.962141 -0.250821
154.5 0.932983 -0.332057
154.6 0.895796 -0.411311
154.7 0.850806 -0.487991
154.8 0.798305 -0.561449
154.9 0.738647 -0.630984
155 0.672264 -0.695851
155.1 0.599659 -0.755273
155.2 0.521417 -0.808461
155.3 0.4382 -0.854643
155.4 0.350746 -0.893093
155.5 0.259861 -0.923164
155.6 0.16641 -0.944327
155.7 0.0713061 -0.95619
155.8 -0.0245097 -0.95853
155.9 -0.120081 -0.951304
156 -0.214456 -0.934647
156.1 -0.306706 -0.908872
156.2 -0.395941 -0.874442
156.3 -0.481325 -0.831953
156.4 -0.562086 -0.782094
156.5 -0.637524 -0.725621
156.6 -0.707016 -0.663316
156.7 -0.770019 -0.595967
156.8 -0.826066 -0.524335
156.9 -0.874767 -0.449146
157 -0.915799 -0.371072
157.1 -0.948906 -0.290734
157.2 -0.97389 -0.208697
157.3 -0.990606 -0.125485
157.4 -0.998964 -0.0415832
157.5 -0.998916 0.0425444
157.6 -0.990462 0.126441
157.7 -0.97365 0.209643
157.8 -0.948573 0.291662
157.9 -0.915375 0.371978
158 -0.874253 0.450023
158.1 -0.825466 0.525176
158.2 -0.769337 0.596762
158.3 -0.706257 0.664058
158.4 -0.636694 0.726301
158.5 -0.561192 0.782703
158.6 -0.480374 0.832481
158.7 -0.394941 0.874882
158.8 -0.305667 0.909216
158.9 -0.213387 0.93489
159 -0.118993 0.95144
159.1 -0.023414 0.958558
159.2 0.072399 0.956108
159.3 0.16749 0.944136
159.4 0.260916 0.92287
159.5 0.351767 0.892699
159.6 0.439177 0.854157
159.7 0.52234 0.807891
159.8 0.600521 0.754628
159.9 0.673058 0.695139
160 0.739368 0.630214
160.1 0.798946 0.56063
160.2 0.851363 0.487131
160.3 0.896265 0.410418
160.4 0.933362 0.331138
160.5 0.962427 0.249882
160.6 0.98329 0.167195
160.7 0.995835 0.0835792
160.8 0.999991 -0.000492812
160.9 0.995736 -0.0845621
161 0.983094 -0.16817
161.1 0.962133 -0.250844
161.2 0.932973 -0.332079
161.3 0.895784 -0.411333
161.4 0.850792 -0.488012
161.5 0.798289 -0.561469
161.6 0.738629 -0.631003
161.7 0.672244 -0.695869
161.8 0.599637 -0.755289
161.9 0.521394 -0.808475
162 0.438176 -0.854655
162.1 0.350721 -0.893102
162.2 0.259835 -0.923171
162.3 0.166384 -0.944331
162.4 0.0712791 -0.956191
162.5 -0.0245367 -0.958529
162.6 -0.120108 -0.9513
162.7 -0.214482 -0.934641
162.8 -0.306731 -0.908863
162.9 -0.395966 -0.874431
163 -0.481349 -0.831939
163.1 -0.562108 -0.782079
163.2 -0.637544 -0.725604
163.3 -0.707034 -0.663298
163.4 -0.770035 -0.595947
163.5 -0.826081 -0.524314
163.6 -0.874779 -0.449124
163.7 -0.91581 -0.37105
163.8 -0.948914 -0.29071
163.9 -0.973895 -0.208674
164 -0.99061 -0.125461
164.1 -0.998964 -0.0415594
164.2 -0.998914 0.0425682
164.3 -0.990458 0.126465
164.4 -0.973644 0.209666
164.5 -0.948565 0.291685
164.6 -0.915364 0.372001
164.7 -0.87424 0.450044
164.8 -0.825451 0.525196
164.9 -0.76932 0.596782
165 -0.706238 0.664076
165.1 -0.636673 0.726317
165.2 -0.561169 0.782718
165.3 -0.48035 0.832494
165.4 -0.394917 0.874893
165.5 -0.305641 0.909224
165.6 -0.213361 0.934896
165.7 -0.118966 0.951443
165.8 -0.0233868 0.958558
165.9 0.0724261 0.956105
166 0.167516 0.944131
166.1 0.260942 0.922862
166.2 0.351792 0.892689
166.3 0.439201 0.854145
166.4 0.522363 0.807877
166.5 0.600543 0.754611
166.6 0.673078 0.695121
166.7 0.739386 0.630195
166.8 0.798961 0.560609
166.9 0.851377 0.48711
167 0.896276 0.410396
167.1 0.933371 0.331115
167.2 0.962434 0.249859
167.3 0.983295 0.167172
167.4 0.995837 0.0835553
167.5 0.999991 -0.000516745
167.6 0.995734 -0.084586
167.7 0.983089 -0.168194
167.8 0.962126 -0.250867
167.9 0.932963 -0.332102
168 0.895772 -0.411355
168.1 0.850778 -0.488033
168.2 0.798272 -0.561489
168.3 0.738611 -0.631022
168.4 0.672224 -0.695886
168.5 0.599615 -0.755305
168.6 0.521371 -0.808489
168.7 0.438151 -0.854667
168.8 0.350695 -0.893112
168.9 0.259809 -0.923178
169 0.166357 -0.944335
169.1 0.0712518 -0.956193
169.2 -0.024564 -0.958528
169.3 -0.120135 -0.951296
169.4 -0.214509 -0.934635
169.5 -0.306757 -0.908854
169.6 -0.395991 -0.87442
169.7 -0.481372 -0.831926
169.8 -0.56213 -0.782063
169.9 -0.637564 -0.725586
170 -0.707053 -0.663279
170.1 -0.770052 -0.595927
170.2 -0.826095 -0.524293
170.3 -0.874792 -0.449102
170.4 -0.91582 -0.371027
170.5 -0.948922 -0.290687
170.6 -0.973901 -0.20865
170.7 -0.990613 -0.125438
170.8 -0.998965 -0.0415353
170.9 -0.998912 0.0425922
171 -0.990454 0.126489
171.1 -0.973638 0.20969
171.2 -0.948556 0.291709
171.3 -0.915353 0.372023
171.4 -0.874227 0.450066
171.5 -0.825436 0.525217
171.6 -0.769302 0.596801
171.7 -0.706219 0.664095
171.8 -0.636652 0.726334
171.9 -0.561147 0.782733
172 -0.480326 0.832507
172.1 -0.394891 0.874904
172.2 -0.305615 0.909233
172.3 -0.213334 0.934901
172.4 -0.118939 0.951446
172.5 -0.0233593 0.958558
172.6 0.0724535 0.956103
172.7 0.167544 0.944126
172.8 0.260969 0.922855
172.9 0.351817 0.892679
173 0.439225 0.854133
173.1 0.522386 0.807862
173.2 0.600564 0.754595
173.3 0.673098 0.695103
173.4 0.739403 0.630175
173.5 0.798977 0.560588
173.6 0.851391 0.487088
173.7 0.896288 0.410374
173.8 0.93338 0.331092
173.9 0.96244 0.249835
174 0.983299 0.167148
174.1 0.995839 0.0835311
174.2 0.99999 -0.000540949
174.3 0.995731 -0.0846101
174.4 0.983084 -0.168218
174.5 0.962118 -0.25089
174.6 0.932953 -0.332125
174.7 0.895759 -0.411378
174.8 0.850764 -0.488055
174.9 0.798256 -0.561509
175 0.738593 -0.631041
175.1 0.672203 -0.695904
175.2 0.599593 -0.755321
175.3 0.521347 -0.808503
175.4 0.438126 -0.854679
175.5 0.350669 -0.893121
175.6 0.259782 -0.923185
175.7 0.16633 -0.94434
175.8 0.0712242 -0.956195
175.9 -0.0245917 -0.958527
176 -0.120162 -0.951293
176.1 -0.214536 -0.934628
176.2 -0.306783 -0.908845
176.3 -0.396016 -0.874408
176.4 -0.481396 -0.831912
176.5 -0.562152 -0.782048
176.6 -0.637585 -0.725569
176.7 -0.707072 -0.66326
176.8 -0.770069 -0.595906
176.9 -0.82611 -0.524272
177 -0.874805 -0.44908
177.1 -0.91583 -0.371004
177.2 -0.94893 -0.290664
177.3 -0.973906 -0.208626
177.4 -0.990616 -0.125413
177.5 -0.998966 -0.041511
177.6 -0.998911 0.0426166
177.7 -0.99045 0.126513
177.8 -0.973631 0.209714
177.9 -0.948547 0.291732
178 -0.915342 0.372046
178.1 -0.874214 0.450088
178.2 -0.82542 0.525238
178.3 -0.769285 0.596821
178.4 -0.706199 0.664113
178.5 -0.636631 0.726351
178.6 -0.561124 0.782748
178.7 -0.480302 0.83252
178.8 -0.394866 0.874915
178.9 -0.305588 0.909241
179 -0.213307 0.934907
179.1 -0.118911 0.951449
179.2 -0.0233315 0.958559
179.3 0.0724812 0.9561
179.4 0.167571 0.944121
179.5 0.260995 0.922847
179.6 0.351843 0.892669
179.7 0.43925 0.85412
179.8 0.522409 0.807848
179.9 0.600586 0.754578
180 0.673117 0.695085
180.1 0.739421 0.630155
180.2 0.798993 0.560567
180.3 0.851405 0.487066
180.4 0.896299 0.410351
180.5 0.933389 0.331068
180.6 0.962447 0.249811
180.7 0.983304 0.167123
180.8 0.995841 0.0835067
180.9 0.99999 -0.000565425
181 0.995728 -0.0846345
181.1 0.983078 -0.168242
181.2 0.962111 -0.250914
181.3 0.932943 -0.332148
181.4 0.895747 -0.4114
181.5 0.850749 -0.488077
181.6 0.798239 -0.56153
181.7 0.738574 -0.63106
181.8 0.672183 -0.695922
181.9 0.599571 -0.755337
182 0.521323 -0.808517
182.1 0.438101 -0.854691
182.2 0.350643 -0.893131
182.3 0.259755 -0.923193
182.4 0.166302 -0.944344
182.5 0.0711963 -0.956197
182.6 -0.0246196 -0.958526
182.7 -0.12019 -0.951289
182.8 -0.214563 -0.934622
182.9 -0.30681 -0.908836
183 -0.396041 -0.874397
183.1 -0.48142 -0.831898
183.2 -0.562175 -0.782032
183.3 -0.637606 -0.725551
183.4 -0.707091 -0.663241
183.5 -0.770086 -0.595886
183.6 -0.826125 -0.52425
183.7 -0.874817 -0.449057
183.8 -0.915841 -0.37098
183.9 -0.948938 -0.29064
184 -0.973912 -0.208602
184.1 -0.990619 -0.125389
184.2 -0.998967 -0.0414864
184.3 -0.998909 0.0426411
184.4 -0.990446 0.126537
184.5 -0.973625 0.209738
184.6 -0.948538 0.291756
184.7 -0.91533 0.372069
184.8 -0.8742 0.450111
184.9 -0.825405 0.52526
185 -0.769267 0.596841
185.1 -0.706179 0.664132
185.2 -0.636609 0.726368
185.3 -0.561101 0.782763
185.4 -0.480277 0.832533
185.5 -0.39484 0.874925
185.6 -0.305561 0.90925
185.7 -0.213279 0.934913
185.8 -0.118883 0.951453
185.9 -0.0233033 0.958559
186 0.0725092 0.956098
186.1 0.167598 0.944116
186.2 0.261022 0.922839
186.3 0.351869 0.892658
186.4 0.439275 0.854107
186.5 0.522433 0.807833
186.6 0.600608 0.754561
186.7 0.673138 0.695066
186.8 0.73944 0.630135
186.9 0.799009 0.560546
187 0.851419 0.487044
187.1 0.896311 0.410328
187.2 0.933399 0.331045
187.3 0.962454 0.249787
187.4 0.983308 0.167099
187.5 0.995843 0.083482
187.6 0.99999 -0.000590174
187.7 0.995725 -0.0846591
187.8 0.983073 -0.168266
187.9 0.962103 -0.250938
188 0.932933 -0.332172
188.1 0.895735 -0.411423
188.2 0.850735 -0.488099
188.3 0.798222 -0.561551
188.4 0.738555 -0.63108
188.5 0.672162 -0.69594
188.6 0.599549 -0.755353
188.7 0.521299 -0.808532
188.8 0.438076 -0.854703
188.9 0.350617 -0.893141
189 0.259727 -0.9232
189.1 0.166274 -0.944349
189.2 0.071168 -0.956198
189.3 -0.0246479 -0.958525
189.4 -0.120218 -0.951285
189.5 -0.21459 -0.934615
189.6 -0.306836 -0.908827
189.7 -0.396067 -0.874385
189.8 -0.481445 -0.831884
189.9 -0.562198 -0.782016
190 -0.637627 -0.725533
190.1 -0.70711 -0.663221
190.2 -0.770103 -0.595865
190.3 -0.826141 -0.524228
190.4 -0.87483 -0.449034
190.5 -0.915851 -0.370957
190.6 -0.948946 -0.290616
190.7 -0.973918 -0.208577
190.8 -0.990623 -0.125364
190.9 -0.998968 -0.0414615
191 -0.998908 0.042666
191.1 -0.990442 0.126562
191.2 -0.973618 0.209762
191.3 -0.948529 0.29178
191.4 -0.915319 0.372093
191.5 -0.874186 0.450133
191.6 -0.825389 0.525281
191.7 -0.769249 0.596862
191.8 -0.70616 0.664151
191.9 -0.636587 0.726386
192 -0.561077 0.782779
192.1 -0.480253 0.832547
192.2 -0.394814 0.874937
192.3 -0.305534 0.909258
192.4 -0.213251 0.934919
192.5 -0.118855 0.951456
192.6 -0.0232749 0.958559
192.7 0.0725375 0.956095
192.8 0.167626 0.944111
192.9 0.261049 0.922831
193 0.351896 0.892648
193.1 0.4393 0.854094
193.2 0.522457 0.807818
193.3 0.60063 0.754544
193.4 0.673158 0.695047
193.5 0.739458 0.630115
193.6 0.799026 0.560525
193.7 0.851433 0.487021
193.8 0.896323 0.410304
193.9 0.933408 0.331021
194 0.962461 0.249763
194.1 0.983313 0.167074
194.2 0.995845 0.083457
194.3 0.999989 -0.000615194
194.4 0.995722 -0.0846841
194.5 0.983068 -0.168291
194.6 0.962095 -0.250963
194.7 0.932923 -0.332196
194.8 0.895722 -0.411446
194.9 0.85072 -0.488121
195 0.798205 -0.561572
195.1 0.738536 -0.6311
195.2 0.672141 -0.695958
195.3 0.599526 -0.75537
195.4 0.521275 -0.808546
195.5 0.43805 -0.854715
195.6 0.35059 -0.893151
195.7 0.2597 -0.923207
195.8 0.166246 -0.944353
195.9 0.0711395 -0.9562
196 -0.0246765 -0.958524
196.1 -0.120246 -0.951281
196.2 -0.214618 -0.934609
196.3 -0.306863 -0.908817
196.4 -0.396093 -0.874373
196.5 -0.481469 -0.83187
196.6 -0.562221 -0.782
196.7 -0.637649 -0.725515
196.8 -0.70713 -0.663202
196.9 -0.770121 -0.595844
197 -0.826156 -0.524206
197.1 -0.874843 -0.449011
197.2 -0.915862 -0.370933
197.3 -0.948955 -0.290591
197.4 -0.973924 -0.208553
197.5 -0.990626 -0.125339
197.6 -0.998969 -0.0414364
197.7 -0.998906 0.0426911
197.8 -0.990438 0.126587
197.9 -0.973612 0.209787
198 -0.94852 0.291804
198.1 -0.915308 0.372116
198.2 -0.874173 0.450156
198.3 -0.825373 0.525303
198.4 -0.769231 0.596883
198.5 -0.706139 0.664171
198.6 -0.636565 0.726403
198.7 -0.561054 0.782794
198.8 -0.480227 0.83256
198.9 -0.394788 0.874948
199 -0.305507 0.909267
199.1 -0.213223 0.934925
199.2 -0.118826 0.951459
199.3 -0.0232462 0.95856
199.4 0.0725662 0.956093
199.5 0.167655 0.944105
199.6 0.261077 0.922823
199.7 0.351922 0.892637
199.8 0.439325 0.854081
199.9 0.522481 0.807802
200 0.600652 0.754527
200.1 0.673179 0.695028
200.2 0.739477 0.630095
200.3 0.799042 0.560503
200.4 0.851447 0.486999
200.5 0.896335 0.410281
200.6 0.933418 0.330996
200.7 0.962468 0.249738
200.8 0.983318 0.167049
200.9 0.995847 0.0834318
201 0.999989 -0.000640486
201.1 0.995719 -0.0847093
201.2 0.983062 -0.168316
201.3 0.962087 -0.250987
201.4 0.932913 -0.33222
201.5 0.895709 -0.411469
201.6 0.850705 -0.488143
201.7 0.798188 -0.561594
201.8 0.738517 -0.63112
201.9 0.67212 -0.695977
202 0.599503 -0.755387
202.1 0.52125 -0.808561
202.2 0.438025 -0.854728
202.3 0.350563 -0.893161
202.4 0.259672 -0.923215
202.5 0.166217 -0.944358
202.6 0.0711107 -0.956202
202.7 -0.0247053 -0.958523
202.8 -0.120275 -0.951277
202.9 -0.214646 -0.934602
203 -0.306891 -0.908808
203.1 -0.396119 -0.874361
203.2 -0.481494 -0.831856
203.3 -0.562244 -0.781983
203.4 -0.63767 -0.725497
203.5 -0.707149 -0.663182
203.6 -0.770138 -0.595823
203.7 -0.826171 -0.524184
203.8 -0.874857 -0.448988
203.9 -0.915873 -0.370909
204 -0.948963 -0.290567
204.1 -0.97393 -0.208528
204.2 -0.99063 -0.125314
204.3 -0.99897 -0.0414109
204.4 -0.998904 0.0427165
204.5 -0.990434 0.126612
204.6 -0.973605 0.209812
204.7 -0.948511 0.291828
204.8 -0.915296 0.37214
204.9 -0.874159 0.450179
205 -0.825357 0.525325
205.1 -0.769213 0.596903
205.2 -0.706119 0.66419
205.3 -0.636543 0.726421
205.4 -0.56103 0.78281
205.5 -0.480202 0.832574
205.6 -0.394761 0.874959
205.7 -0.305479 0.909276
205.8 -0.213195 0.934931
205.9 -0.118798 0.951462
206 -0.0232171 0.95856
206.1 0.0725951 0.95609
206.2 0.167683 0.9441
206.3 0.261105 0.922815
206.4 0.351949 0.892626
206.5 0.439351 0.854068
206.6 0.522505 0.807787
206.7 0.600675 0.75451
206.8 0.673199 0.695009
206.9 0.739496 0.630074
207 0.799059 0.560481
207.1 0.851461 0.486976
207.2 0.896347 0.410257
207.3 0.933427 0.330972
207.4 0.962476 0.249713
207.5 0.983322 0.167024
207.6 0.99585 0.0834063
207.7 0.999988 -0.00066605
207.8 0.995716 -0.0847348
207.9 0.983057 -0.168341
208 0.962079 -0.251012
208.1 0.932902 -0.332244
208.2 0.895697 -0.411493
208.3 0.85069 -0.488166
208.4 0.798171 -0.561615
208.5 0.738497 -0.63114
208.6 0.672098 -0.695996
208.7 0.59948 -0.755404
208.8 0.521226 -0.808576
208.9 0.437998 -0.85474
209 0.350536 -0.893171
209.1 0.259644 -0.923222
209.2 0.166188 -0.944363
209.3 0.0710815 -0.956204
209.4 -0.0247345 -0.958522
209.5 -0.120304 -0.951273
209.6 -0.214674 -0.934595
209.7 -0.306918 -0.908798
209.8 -0.396145 -0.874349
209.9 -0.481519 -0.831842
210 -0.562268 -0.781967
210.1 -0.637692 -0.725479
210.2 -0.707169 -0.663162
210.3 -0.770156 -0.595802
210.4 -0.826187 -0.524161
210.5 -0.87487 -0.448964
210.6 -0.915884 -0.370885
210.7 -0.948972 -0.290542
210.8 -0.973936 -0.208502
210.9 -0.990633 -0.125288
211 -0.99897 -0.0413853
211.1 -0.998903 0.0427422
211.2 -0.99043 0.126638
211.3 -0.973598 0.209837
211.4 -0.948502 0.291853
211.5 -0.915284 0.372164
211.6 -0.874145 0.450202
211.7 -0.82534 0.525347
211.8 -0.769194 0.596924
211.9 -0.706098 0.66421
212 -0.636521 0.726439
212.1 -0.561005 0.782826
212.2 -0.480176 0.832588
212.3 -0.394734 0.874971
212.4 -0.305451 0.909285
212.5 -0.213166 0.934937
212.6 -0.118768 0.951466
212.7 -0.0231878 0.958561
212.8 0.0726244 0.956088
212.9 0.167712 0.944095
213 0.261133 0.922807
213.1 0.351976 0.892615
213.2 0.439377 0.854055
213.3 0.52253 0.807771
213.4 0.600698 0.754492
213.5 0.673221 0.69499
213.6 0.739515 0.630053
213.7 0.799076 0.560459
213.8 0.851476 0.486952
213.9 0.896359 0.410233
214 0.933437 0.330947
214.1 0.962483 0.249688
214.2 0.983327 0.166998
214.3 0.995852 0.0833805
214.4 0.999988 -0.000691886
214.5 0.995713 -0.0847605
214.6 0.983051 -0.168367
214.7 0.962071 -0.251037
214.8 0.932892 -0.332268
214.9 0.895684 -0.411517
215 0.850674 -0.488189
215.1 0.798153 -0.561637
215.2 0.738478 -0.631161
215.3 0.672077 -0.696015
215.4 0.599456 -0.755421
215.5 0.521201 -0.808591
215.6 0.437972 -0.854753
215.7 0.350508 -0.893181
215.8 0.259615 -0.92323
215.9 0.166159 -0.944368
216 0.071052 -0.956206
216.1 -0.024764 -0.958521
216.2 -0.120333 -0.951269
216.3 -0.214703 -0.934588
216.4 -0.306946 -0.908789
216.5 -0.396172 -0.874337
216.6 -0.481545 -0.831827
216.7 -0.562292 -0.78195
216.8 -0.637714 -0.72546
216.9 -0.70719 -0.663142
217 -0.770174 -0.59578
217.1 -0.826203 -0.524138
217.2 -0.874884 -0.448941
217.3 -0.915895 -0.37086
217.4 -0.94898 -0.290517
217.5 -0.973942 -0.208477
217.6 -0.990637 -0.125262
217.7 -0.998971 -0.0413593
217.8 -0.998901 0.0427681
217.9 -0.990425 0.126663
218 -0.973591 0.209862
218.1 -0.948492 0.291878
218.2 -0.915273 0.372189
218.3 -0.87413 0.450226
218.4 -0.825324 0.52537
218.5 -0.769175 0.596946
218.6 -0.706078 0.664229
218.7 -0.636498 0.726457
218.8 -0.560981 0.782843
218.9 -0.48015 0.832602
219 -0.394707 0.874982
219.1 -0.305423 0.909294
219.2 -0.213137 0.934944
219.3 -0.118739 0.951469
219.4 -0.0231581 0.958561
219.5 0.0726539 0.956085
219.6 0.167741 0.944089
219.7 0.261162 0.922798
219.8 0.352004 0.892604
219.9 0.439403 0.854041
220 0.522554 0.807756
220.1 0.600721 0.754474
220.2 0.673242 0.69497
220.3 0.739534 0.630032
220.4 0.799093 0.560437
220.5 0.851491 0.486929
220.6 0.896372 0.410209
220.7 0.933447 0.330922
220.8 0.96249 0.249662
220.9 0.983332 0.166972
221 0.995854 0.0833544
221.1 0.999988 -0.000717993
221.2 0.99571 -0.0847865
221.3 0.983046 -0.168393
221.4 0.962063 -0.251063
221.5 0.932881 -0.332293
221.6 0.895671 -0.411541
221.7 0.850659 -0.488212
221.8 0.798136 -0.561659
221.9 0.738458 -0.631182
222 0.672055 -0.696034
222.1 0.599433 -0.755438
222.2 0.521175 -0.808606
222.3 0.437945 -0.854766
222.4 0.35048 -0.893191
222.5 0.259586 -0.923238
222.6 0.16613 -0.944372
222.7 0.0710223 -0.956208
222.8 -0.0247938 -0.95852
222.9 -0.120362 -0.951265
223 -0.214732 -0.934581
223.1 -0.306974 -0.908779
223.2 -0.396199 -0.874325
223.3 -0.48157 -0.831812
223.4 -0.562316 -0.781933
223.5 -0.637737 -0.725442
223.6 -0.70721 -0.663121
223.7 -0.770193 -0.595758
223.8 -0.826219 -0.524115
223.9 -0.874897 -0.448917
224 -0.915906 -0.370835
224.1 -0.948989 -0.290491
224.2 -0.973948 -0.208451
224.3 -0.99064 -0.125236
224.4 -0.998972 -0.0413331
224.5 -0.998899 0.0427944
224.6 -0.990421 0.12669
224.7 -0.973584 0.209888
224.8 -0.948483 0.291903
224.9 -0.915261 0.372213
225 -0.874116 0.45025
225.1 -0.825307 0.525393
225.2 -0.769156 0.596967
225.3 -0.706057 0.664249
225.4 -0.636475 0.726475
225.5 -0.560956 0.782859
225.6 -0.480124 0.832616
225.7 -0.394679 0.874994
225.8 -0.305395 0.909303
225.9 -0.213108 0.93495
226 -0.118709 0.951472
226.1 -0.0231281 0.958561
226.2 0.0726838 0.956083
226.3 0.167771 0.944084
226.4 0.26119 0.92279
226.5 0.352032 0.892593
226.6 0.43943 0.854028
226.7 0.52258 0.80774
226.8 0.600744 0.754456
226.9 0.673263 0.694951
227 0.739553 0.630011
227.1 0.79911 0.560414
227.2 0.851506 0.486905
227.3 0.896384 0.410184
227.4 0.933457 0.330897
227.5 0.962498 0.249637
227.6 0.983337 0.166946
227.7 0.995856 0.0833281
227.8 0.999987 -0.000744373
227.9 0.995707 -0.0848128
228 0.98304 -0.168419
228.1 0.962055 -0.251088
228.2 0.93287 -0.332318
228.3 0.895657 -0.411565
228.4 0.850643 -0.488236
228.5 0.798118 -0.561681
228.6 0.738438 -0.631202
228.7 0.672033 -0.696053
228.8 0.599409 -0.755455
228.9 0.52115 -0.808622
229 0.437918 -0.854779
229.1 0.350452 -0.893202
229.2 0.259557 -0.923245
229.3 0.1661 -0.944377
229.4 0.0709922 -0.95621
229.5 -0.0248239 -0.958519
229.6 -0.120392 -0.951261
229.7 -0.214761 -0.934574
229.8 -0.307003 -0.908769
229.9 -0.396227 -0.874312
230 -0.481596 -0.831798
230.1 -0.56234 -0.781916
230.2 -0.637759 -0.725423
230.3 -0.707231 -0.663101
230.4 -0.770211 -0.595736
230.5 -0.826235 -0.524092
230.6 -0.874911 -0.448892
230.7 -0.915918 -0.37081
230.8 -0.948998 -0.290465
230.9 -0.973954 -0.208425
231 -0.990644 -0.12521
231.1 -0.998973 -0.0413065
231.2 -0.998897 0.0428208
231.3 -0.990417 0.126716
231.4 -0.973578 0.209914
231.5 -0.948473 0.291929
231.6 -0.915249 0.372238
231.7 -0.874101 0.450274
231.8 -0.82529 0.525416
231.9 -0.769137 0.596989
232 -0.706035 0.66427
232.1 -0.636452 0.726494
232.2 -0.560931 0.782875
232.3 -0.480098 0.832631
232.4 -0.394652 0.875006
232.5 -0.305366 0.909312
232.6 -0.213078 0.934956
232.7 -0.118679 0.951476
232.8 -0.0230978 0.958562
232.9 0.072714 0.95608
233 0.1678 0.944078
233.1 0.261219 0.922781
233.2 0.35206 0.892582
233.3 0.439457 0.854014
233.4 0.522605 0.807724
233.5 0.600768 0.754438
233.6 0.673285 0.694931
233.7 0.739573 0.629989
233.8 0.799128 0.560391
233.9 0.851521 0.486881
234 0.896397 0.410159
234.1 0.933467 0.330871
234.2 0.962505 0.24961
234.3 0.983342 0.16692
234.4 0.995858 0.0833015
234.5 0.999987 -0.000771024
234.6 0.995704 -0.0848394
234.7 0.983034 -0.168445
234.8 0.962047 -0.251114
234.9 0.93286 -0.332344
235 0.895644 -0.41159
235.1 0.850627 -0.488259
235.2 0.798099 -0.561704
235.3 0.738417 -0.631224
235.4 0.67201 -0.696072
235.5 0.599385 -0.755473
235.6 0.521124 -0.808637
235.7 0.437891 -0.854792
235.8 0.350423 -0.893213
235.9 0.259528 -0.923253
236 0.16607 -0.944382
236.1 0.0709618 -0.956211
236.2 -0.0248544 -0.958518
236.3 -0.120422 -0.951257
236.4 -0.214791 -0.934567
236.5 -0.307032 -0.908759
236.6 -0.396254 -0.8743
236.7 -0.481623 -0.831783
236.8 -0.562365 -0.781899
236.9 -0.637782 -0.725403
237 -0.707251 -0.66308
237.1 -0.77023 -0.595714
237.2 -0.826252 -0.524068
237.3 -0.874925 -0.448868
237.4 -0.915929 -0.370785
237.5 -0.949007 -0.290439
237.6 -0.97396 -0.208398
237.7 -0.990647 -0.125183
237.8 -0.998974 -0.0412798
237.9 -0.998896 0.0428476
238 -0.990412 0.126742
238.1 -0.97357 0.20994
238.2 -0.948464 0.291955
238.3 -0.915236 0.372263
238.4 -0.874087 0.450298
238.5 -0.825273 0.525439
238.6 -0.769118 0.597011
238.7 -0.706014 0.66429
238.8 -0.636428 0.726513
238.9 -0.560906 0.782892
239 -0.480071 0.832645
239.1 -0.394623 0.875018
239.2 -0.305337 0.909321
239.3 -0.213048 0.934963
239.4 -0.118649 0.951479
239.5 -0.0230672 0.958562
239.6 0.0727445 0.956077
239.7 0.167831 0.944072
239.8 0.261249 0.922773
239.9 0.352088 0.892571
240 0.439484 0.854
240.1 0.52263 0.807708
240.2 0.600792 0.75442
240.3 0.673307 0.694911
240.4 0.739593 0.629968
240.5 0.799145 0.560368
240.6 0.851536 0.486857
240.7 0.89641 0.410134
240.8 0.933477 0.330846
240.9 0.962513 0.249584
241 0.983347 0.166893
241.1 0.995861 0.0832746
241.2 0.999986 -0.000797948
241.3 0.995701 -0.0848662
241.4 0.983029 -0.168472
241.5 0.962038 -0.25114
241.6 0.932849 -0.332369
241.7 0.89563 -0.411615
241.8 0.850611 -0.488283
241.9 0.798081 -0.561727
242 0.738397 -0.631245
242.1 0.671988 -0.696092
242.2 0.59936 -0.755491
242.3 0.521098 -0.808653
242.4 0.437863 -0.854806
242.5 0.350395 -0.893223
242.6 0.259498 -0.923261
242.7 0.16604 -0.944387
242.8 0.0709311 -0.956213
242.9 -0.0248851 -0.958517
243 -0.120453 -0.951253
243.1 -0.214821 -0.93456
243.2 -0.307061 -0.908749
243.3 -0.396282 -0.874287
243.4 -0.481649 -0.831768
243.5 -0.56239 -0.781882
243.6 -0.637805 -0.725384
243.7 -0.707272 -0.663059
243.8 -0.770249 -0.595691
243.9 -0.826268 -0.524045
244 -0.874939 -0.448843
244.1 -0.915941 -0.370759
244.2 -0.949016 -0.290413
244.3 -0.973967 -0.208372
244.4 -0.990651 -0.125156
244.5 -0.998975 -0.0412527
244.6 -0.998894 0.0428746
244.7 -0.990408 0.126769
244.8 -0.973563 0.209967
244.9 -0.948454 0.291981
245 -0.915224 0.372289
245.1 -0.874072 0.450323
245.2 -0.825256 0.525462
245.3 -0.769098 0.597033
245.4 -0.705992 0.664311
245.5 -0.636405 0.726531
245.6 -0.560881 0.782909
245.7 -0.480044 0.83266
245.8 -0.394595 0.87503
245.9 -0.305307 0.909331
246 -0.213018 0.934969
246.1 -0.118618 0.951483
246.2 -0.0230363 0.958563
246.3 0.0727753 0.956075
246.4 0.167861 0.944067
246.5 0.261278 0.922764
246.6 0.352117 0.892559
246.7 0.439511 0.853986
246.8 0.522656 0.807691
246.9 0.600816 0.754402
247 0.673329 0.69489
247.1 0.739613 0.629946
247.2 0.799163 0.560345
247.3 0.851552 0.486833
247.4 0.896423 0.410109
247.5 0.933488 0.330819
247.6 0.962521 0.249558
247.7 0.983352 0.166866
247.8 0.995863 0.0832475
247.9 0.999986 -0.000825143
248 0.995698 -0.0848933
248.1 0.983023 -0.168498
248.2 0.96203 -0.251167
248.3 0.932837 -0.332395
248.4 0.895617 -0.41164
248.5 0.850595 -0.488307
248.6 0.798063 -0.56175
248.7 0.738376 -0.631267
248.8 0.671965 -0.696112
248.9 0.599335 -0.755509
249 0.521071 -0.808669
249.1 0.437835 -0.854819
249.2 0.350366 -0.893234
249.3 0.259468 -0.923269
249.4 0.166009 -0.944392
249.5 0.0709001 -0.956215
249.6 -0.0249162 -0.958515
249.7 -0.120484 -0.951249
249.8 -0.214851 -0.934553
249.9 -0.30709 -0.908739
250 -0.39631 -0.874274
250.1 -0.481676 -0.831752
250.2 -0.562415 -0.781864
250.3 -0.637828 -0.725365
250.4 -0.707294 -0.663037
250.5 -0.770268 -0.595668
250.6 -0.826285 -0.524021
250.7 -0.874953 -0.448818
250.8 -0.915952 -0.370734
250.9 -0.949025 -0.290387
251 -0.973973 -0.208345
251.1 -0.990655 -0.125129
251.2 -0.998976 -0.0412254
251.3 -0.998892 0.0429019
251.4 -0.990403 0.126796
251.5 -0.973556 0.209994
251.6 -0.948444 0.292007
251.7 -0.915212 0.372314
251.8 -0.874057 0.450348
251.9 -0.825238 0.525486
252 -0.769079 0.597056
252.1 -0.70597 0.664332
252.2 -0.636381 0.726551
252.3 -0.560855 0.782926
252.4 -0.480017 0.832674
252.5 -0.394566 0.875042
252.6 -0.305278 0.90934
252.7 -0.212988 0.934976
252.8 -0.118587 0.951486
252.9 -0.0230051 0.958563
253 0.0728064 0.956072
253.1 0.167892 0.944061
253.2 0.261308 0.922756
253.3 0.352146 0.892548
253.4 0.439539 0.853972
253.5 0.522682 0.807675
253.6 0.60084 0.754383
253.7 0.673352 0.69487
253.8 0.739633 0.629923
253.9 0.799181 0.560321
254 0.851567 0.486808
254.1 0.896436 0.410083
254.2 0.933498 0.330793
254.3 0.962529 0.249531
254.4 0.983357 0.166839
254.5 0.995865 0.0832201
254.6 0.999986 -0.00085261
254.7 0.995695 -0.0849207
254.8 0.983017 -0.168526
254.9 0.962021 -0.251193
255 0.932826 -0.332421
255.1 0.895603 -0.411665
255.2 0.850579 -0.488332
255.3 0.798044 -0.561773
255.4 0.738355 -0.631288
255.5 0.671942 -0.696132
255.6 0.59931 -0.755527
255.7 0.521045 -0.808685
255.8 0.437807 -0.854833
255.9 0.350336 -0.893245
256 0.259438 -0.923277
256.1 0.165978 -0.944397
256.2 0.0708688 -0.956217
256.3 -0.0249475 -0.958514
256.4 -0.120515 -0.951244
256.5 -0.214882 -0.934545
256.6 -0.30712 -0.908729
256.7 -0.396339 -0.874261
256.8 -0.481703 -0.831737
256.9 -0.562441 -0.781847
257 -0.637852 -0.725345
257.1 -0.707315 -0.663016
257.2 -0.770287 -0.595645
257.3 -0.826302 -0.523996
257.4 -0.874968 -0.448793
257.5 -0.915964 -0.370707
257.6 -0.949034 -0.29036
257.7 -0.97398 -0.208318
257.8 -0.990658 -0.125102
257.9 -0.998977 -0.0411978
258 -0.99889 0.0429295
258.1 -0.990399 0.126824
258.2 -0.973549 0.210021
258.3 -0.948434 0.292034
258.4 -0.915199 0.37234
258.5 -0.874042 0.450373
258.6 -0.825221 0.52551
258.7 -0.769059 0.597078
258.8 -0.705948 0.664353
258.9 -0.636357 0.72657
259 -0.560829 0.782943
259.1 -0.479989 0.832689
259.2 -0.394538 0.875055
259.3 -0.305248 0.90935
259.4 -0.212957 0.934982
259.5 -0.118556 0.95149
259.6 -0.0229736 0.958563
259.7 0.0728378 0.956069
259.8 0.167923 0.944055
259.9 0.261339 0.922747
260 0.352175 0.892536
260.1 0.439567 0.853958
260.2 0.522709 0.807658
260.3 0.600865 0.754364
260.4 0.673374 0.694849
260.5 0.739654 0.629901
260.6 0.799199 0.560297
260.7 0.851583 0.486783
260.8 0.896449 0.410057
260.9 0.933509 0.330767
261 0.962536 0.249504
261.1 0.983362 0.166811
261.2 0.995868 0.0831924
261.3 0.999985 -0.000880349
261.4 0.995692 -0.0849483
261.5 0.983011 -0.168553
261.6 0.962013 -0.25122
261.7 0.932815 -0.332448
261.8 0.895589 -0.411691
261.9 0.850563 -0.488356
262 0.798025 -0.561796
262.1 0.738334 -0.63131
262.2 0.671919 -0.696153
262.3 0.599285 -0.755546
262.4 0.521018 -0.808701
262.5 0.437779 -0.854846
262.6 0.350307 -0.893256
262.7 0.259407 -0.923285
262.8 0.165947 -0.944403
262.9 0.0708372 -0.956219
263 -0.0249792 -0.958513
263.1 -0.120546 -0.95124
263.2 -0.214913 -0.934538
263.3 -0.30715 -0.908719
263.4 -0.396368 -0.874248
263.5 -0.48173 -0.831721
263.6 -0.562466 -0.781829
263.7 -0.637876 -0.725325
263.8 -0.707337 -0.662994
263.9 -0.770306 -0.595622
264 -0.826319 -0.523972
264.1 -0.874982 -0.448767
264.2 -0.915976 -0.370681
264.3 -0.949043 -0.290333
264.4 -0.973986 -0.20829
264.5 -0.990662 -0.125074
264.6 -0.998978 -0.0411699
264.7 -0.998889 0.0429574
264.8 -0.990394 0.126851
264.9 -0.973542 0.210048
265 -0.948424 0.292061
265.1 -0.915186 0.372366
265.2 -0.874027 0.450398
265.3 -0.825203 0.525534
265.4 -0.769039 0.597101
265.5 -0.705926 0.664374
265.6 -0.636333 0.726589
265.7 -0.560803 0.782961
265.8 -0.479961 0.832704
265.9 -0.394508 0.875067
266 -0.305217 0.909359
266.1 -0.212926 0.934989
266.2 -0.118524 0.951493
266.3 -0.0229417 0.958564
266.4 0.0728695 0.956067
266.5 0.167954 0.944049
266.6 0.261369 0.922738
266.7 0.352204 0.892525
266.8 0.439595 0.853943
266.9 0.522735 0.807641
267 0.60089 0.754345
267.1 0.673397 0.694828
267.2 0.739674 0.629878
267.3 0.799218 0.560273
267.4 0.851599 0.486758
267.5 0.896462 0.410031
267.6 0.933519 0.33074
267.7 0.962544 0.249476
267.8 0.983367 0.166784
267.9 0.99587 0.0831644
268 0.999985 -0.00090836
268.1 0.995689 -0.0849762
268.2 0.983005 -0.168581
268.3 0.962004 -0.251248
268.4 0.932804 -0.332475
268.5 0.895575 -0.411717
268.6 0.850546 -0.488381
268.7 0.798006 -0.56182
268.8 0.738313 -0.631333
268.9 0.671895 -0.696173
269 0.59926 -0.755564
269.1 0.520991 -0.808717
269.2 0.43775 -0.85486
269.3 0.350277 -0.893267
269.4 0.259376 -0.923294
269.5 0.165915 -0.944408
269.6 0.0708052 -0.956221
269.7 -0.0250112 -0.958512
269.8 -0.120578 -0.951236
269.9 -0.214944 -0.934531
270 -0.30718 -0.908708
270.1 -0.396397 -0.874235
270.2 -0.481758 -0.831705
270.3 -0.562492 -0.781811
270.4 -0.6379 -0.725305
270.5 -0.707359 -0.662972
270.6 -0.770326 -0.595599
270.7 -0.826336 -0.523947
270.8 -0.874997 -0.448741
270.9 -0.915988 -0.370654
271 -0.949053 -0.290306
271.1 -0.973993 -0.208263
271.2 -0.990666 -0.125046
271.3 -0.998979 -0.0411418
271.4 -0.998887 0.0429855
271.5 -0.99039 0.126879
271.6 -0.973534 0.210076
271.7 -0.948414 0.292088
271.8 -0.915174 0.372393
271.9 -0.874011 0.450423
272 -0.825185 0.525559
272.1 -0.769018 0.597124
272.2 -0.705904 0.664396
272.3 -0.636308 0.726609
272.4 -0.560777 0.782978
272.5 -0.479933 0.832719
272.6 -0.394479 0.87508
272.7 -0.305187 0.909369
272.8 -0.212894 0.934996
272.9 -0.118492 0.951497
273 -0.0229096 0.958564
273.1 0.0729016 0.956064
273.2 0.167985 0.944043
273.3 0.2614 0.922729
273.4 0.352234 0.892513
273.5 0.439623 0.853929
273.6 0.522762 0.807624
273.7 0.600915 0.754326
273.8 0.67342 0.694807
273.9 0.739695 0.629856
274 0.799236 0.560249
274.1 0.851615 0.486732
274.2 0.896476 0.410005
274.3 0.93353 0.330713
274.4 0.962552 0.249449
274.5 0.983372 0.166756
274.6 0.995873 0.0831362
274.7 0.999985 -0.000936643
274.8 0.995686 -0.0850044
274.9 0.982999 -0.168609
275 0.961995 -0.251275
275.1 0.932792 -0.332501
275.2 0.895561 -0.411743
275.3 0.850529 -0.488407
275.4 0.797987 -0.561844
275.5 0.738291 -0.631355
275.6 0.671872 -0.696194
275.7 0.599234 -0.755583
275.8 0.520963 -0.808734
275.9 0.437721 -0.854874
276 0.350246 -0.893278
276.1 0.259345 -0.923302
276.2 0.165883 -0.944413
276.3 0.070773 -0.956224
276.4 -0.0250434 -0.958511
276.5 -0.12061 -0.951231
276.6 -0.214975 -0.934523
276.7 -0.30721 -0.908698
276.8 -0.396426 -0.874222
276.9 -0.481786 -0.83169
277 -0.562518 -0.781792
277.1 -0.637924 -0.725284
277.2 -0.707381 -0.66295
277.3 -0.770346 -0.595575
277.4 -0.826353 -0.523922
277.5 -0.875012 -0.448715
277.6 -0.916 -0.370628
277.7 -0.949062 -0.290278
277.8 -0.974 -0.208235
277.9 -0.99067 -0.125018
278 -0.99898 -0.0411134
278.1 -0.998885 0.0430139
278.2 -0.990385 0.126908
278.3 -0.973527 0.210104
278.4 -0.948404 0.292115
278.5 -0.915161 0.37242
278.6 -0.873996 0.450449
278.7 -0.825167 0.525583
278.8 -0.768998 0.597148
278.9 -0.705881 0.664417
279 -0.636283 0.726629
279.1 -0.56075 0.782996
279.2 -0.479905 0.832735
279.3 -0.394449 0.875092
279.4 -0.305156 0.909379
279.5 -0.212862 0.935003
279.6 -0.11846 0.951501
279.7 -0.0228771 0.958565
279.8 0.0729339 0.956061
279.9 0.168017 0.944037
280 0.261431 0.92272
280.1 0.352264 0.892501
280.2 0.439652 0.853914
280.3 0.52279 0.807607
280.4 0.60094 0.754306
280.5 0.673443 0.694786
280.6 0.739716 0.629833
280.7 0.799255 0.560225
280.8 0.851631 0.486707
280.9 0.896489 0.409978
281 0.933541 0.330685
281.1 0.962561 0.249421
281.2 0.983378 0.166727
281.3 0.995875 0.0831077
281.4 0.999984 -0.000965198
281.5 0.995682 -0.0850329
281.6 0.982993 -0.168637
281.7 0.961986 -0.251303
281.8 0.93278 -0.332529
281.9 0.895547 -0.411769
282 0.850512 -0.488432
282.1 0.797968 -0.561868
282.2 0.73827 -0.631378
282.3 0.671848 -0.696215
282.4 0.599208 -0.755602
282.5 0.520935 -0.80875
282.6 0.437692 -0.854888
282.7 0.350216 -0.89329
282.8 0.259314 -0.92331
282.9 0.165851 -0.944418
283 0.0707404 -0.956226
283.1 -0.025076 -0.95851
283.2 -0.120642 -0.951227
283.3 -0.215007 -0.934516
283.4 -0.307241 -0.908687
283.5 -0.396456 -0.874208
283.6 -0.481814 -0.831674
283.7 -0.562545 -0.781774
283.8 -0.637948 -0.725264
283.9 -0.707403 -0.662928
284 -0.770366 -0.595551
284.1 -0.826371 -0.523897
284.2 -0.875027 -0.448689
284.3 -0.916013 -0.3706
284.4 -0.949072 -0.290251
284.5 -0.974006 -0.208206
284.6 -0.990674 -0.124989
284.7 -0.998981 -0.0410847
284.8 -0.998883 0.0430425
284.9 -0.99038 0.126936
285 -0.973519 0.210132
285.1 -0.948394 0.292143
285.2 -0.915148 0.372447
285.3 -0.87398 0.450475
285.4 -0.825149 0.525608
285.5 -0.768977 0.597171
285.6 -0.705858 0.664439
285.7 -0.636258 0.726649
285.8 -0.560723 0.783014
285.9 -0.479876 0.83275
286 -0.394419 0.875105
286.1 -0.305125 0.909389
286.2 -0.21283 0.93501
286.3 -0.118427 0.951504
286.4 -0.0228443 0.958565
286.5 0.0729666 0.956058
286.6 0.16805 0.944031
286.7 0.261463 0.922711
286.8 0.352295 0.892489
286.9 0.439681 0.853899
287 0.522817 0.80759
287.1 0.600966 0.754287
287.2 0.673467 0.694764
287.3 0.739738 0.629809
287.4 0.799274 0.5602
287.5 0.851647 0.486681
287.6 0.896503 0.409951
287.7 0.933552 0.330658
287.8 0.962569 0.249393
287.9 0.983383 0.166699
288 0.995878 0.0830789
288.1 0.999984 -0.000994024
288.2 0.995679 -0.0850616
288.3 0.982987 -0.168665
288.4 0.961977 -0.251331
288.5 0.932769 -0.332556
288.6 0.895532 -0.411796
288.7 0.850495 -0.488458
288.8 0.797948 -0.561893
288.9 0.738248 -0.631401
289 0.671824 -0.696236
289.1 0.599182 -0.755621
289.2 0.520908 -0.808767
289.3 0.437663 -0.854903
289.4 0.350185 -0.893301
289.5 0.259282 -0.923319
289.6 0.165819 -0.944424
289.7 0.0707076 -0.956228
289.8 -0.025109 -0.958508
289.9 -0.120675 -0.951222
290 -0.215039 -0.934508
290.1 -0.307272 -0.908677
290.2 -0.396485 -0.874195
290.3 -0.481842 -0.831657
290.4 -0.562571 -0.781755
290.5 -0.637973 -0.725243
290.6 -0.707426 -0.662905
290.7 -0.770386 -0.595527
290.8 -0.826388 -0.523872
290.9 -0.875042 -0.448662
291 -0.916025 -0.370573
291.1 -0.949081 -0.290222
291.2 -0.974013 -0.208178
291.3 -0.990678 -0.12496
291.4 -0.998982 -0.0410557
291.5 -0.998881 0.0430715
291.6 -0.990376 0.126965
291.7 -0.973512 0.21016
291.8 -0.948383 0.292171
291.9 -0.915134 0.372474
292 -0.873964 0.450502
292.1 -0.825131 0.525634
292.2 -0.768956 0.597195
292.3 -0.705835 0.664462
292.4 -0.636233 0.726669
292.5 -0.560696 0.783032
292.6 -0.479847 0.832766
292.7 -0.394389 0.875118
292.8 -0.305093 0.909399
292.9 -0.212798 0.935017
293 -0.118394 0.951508
293.1 -0.0228113 0.958566
293.2 0.0729995 0.956055
293.3 0.168082 0.944025
293.4 0.261494 0.922701
293.5 0.352325 0.892476
293.6 0.439711 0.853884
293.7 0.522845 0.807572
293.8 0.600992 0.754267
293.9 0.673491 0.694742
294 0.739759 0.629786
294.1 0.799293 0.560175
294.2 0.851664 0.486655
294.3 0.896517 0.409924
294.4 0.933563 0.33063
294.5 0.962577 0.249364
294.6 0.983388 0.16667
294.7 0.99588 0.0830499
294.8 0.999983 -0.00102312
294.9 0.995676 -0.0850906
295 0.982981 -0.168694
295.1 0.961968 -0.251359
295.2 0.932757 -0.332584
295.3 0.895517 -0.411823
295.4 0.850478 -0.488483
295.5 0.797928 -0.561917
295.6 0.738226 -0.631424
295.7 0.671799 -0.696257
295.8 0.599156 -0.75564
295.9 0.520879 -0.808784
296 0.437633 -0.854917
296.1 0.350154 -0.893313
296.2 0.25925 -0.923327
296.3 0.165786 -0.944429
296.4 0.0706744 -0.95623
296.5 -0.0251422 -0.958507
296.6 -0.120708 -0.951218
296.7 -0.215071 -0.9345
296.8 -0.307304 -0.908666
296.9 -0.396516 -0.874181
297 -0.481871 -0.831641
297.1 -0.562598 -0.781737
297.2 -0.637998 -0.725222
297.3 -0.707448 -0.662882
297.4 -0.770406 -0.595503
297.5 -0.826406 -0.523846
297.6 -0.875057 -0.448636
297.7 -0.916038 -0.370545
297.8 -0.949091 -0.290194
297.9 -0.97402 -0.208149
298 -0.990682 -0.124931
298.1 -0.998983 -0.0410265
298.2 -0.99888 0.0431007
298.3 -0.990371 0.126994
298.4 -0.973504 0.210189
298.5 -0.948373 0.292199
298.6 -0.915121 0.372501
298.7 -0.873948 0.450528
298.8 -0.825112 0.525659
298.9 -0.768935 0.597219
299 -0.705811 0.664484
299.1 -0.636207 0.72669
299.2 -0.560668 0.78305
299.3 -0.479818 0.832782
299.4 -0.394358 0.875131
299.5 -0.305061 0.909409
299.6 -0.212765 0.935024
299.7 -0.118361 0.951512
299.8 -0.0227779 0.958566
299.9 0.0730328 0.956053
300 0.168115 0.944019
300.1 0.261526 0.922692
300.2 0.352356 0.892464
300.3 0.43974 0.853869
300.4 0.522873 0.807554
300.5 0.601018 0.754247
300.6 0.673515 0.69472
300.7 0.739781 0.629762
300.8 0.799312 0.56015
300.9 0.85168 0.486628
301 0.896531 0.409897
301.1 0.933574 0.330602
301.2 0.962585 0.249335
301.3 0.983394 0.166641
301.4 0.995883 0.0830206
301.5 0.999983 -0.00105249
301.6 0.995672 -0.0851199
301.7 0.982974 -0.168723
301.8 0.961959 -0.251388
301.9 0.932745 -0.332612
302 0.895503 -0.41185
302.1 0.850461 -0.488509
302.2 0.797908 -0.561942
302.3 0.738203 -0.631447
302.4 0.671775 -0.696279
302.5 0.599129 -0.75566
302.6 0.520851 -0.808801
302.7 0.437603 -0.854932
302.8 0.350123 -0.893325
302.9 0.259217 -0.923336
303 0.165753 -0.944435
303.1 0.0706409 -0.956232
303.2 -0.0251757 -0.958506
303.3 -0.120741 -0.951213
303.4 -0.215104 -0.934492
303.5 -0.307335 -0.908655
303.6 -0.396546 -0.874167
303.7 -0.4819 -0.831625
303.8 -0.562625 -0.781718
303.9 -0.638023 -0.725201
304 -0.707471 -0.66286
304.1 -0.770427 -0.595478
304.2 -0.826424 -0.52382
304.3 -0.875073 -0.448609
304.4 -0.91605 -0.370517
304.5 -0.949101 -0.290166
304.6 -0.974027 -0.20812
304.7 -0.990686 -0.124902
304.8 -0.998984 -0.040997
304.9 -0.998878 0.0431301
305 -0.990366 0.127023
305.1 -0.973496 0.210218
305.2 -0.948362 0.292227
305.3 -0.915108 0.372529
305.4 -0.873932 0.450555
305.5 -0.825093 0.525685
305.6 -0.768914 0.597243
305.7 -0.705788 0.664506
305.8 -0.636182 0.72671
305.9 -0.560641 0.783069
306 -0.479789 0.832798
306.1 -0.394327 0.875144
306.2 -0.305029 0.909419
306.3 -0.212732 0.935031
306.4 -0.118328 0.951516
306.5 -0.0227442 0.958567
306.6 0.0730664 0.95605
306.7 0.168148 0.944013
306.8 0.261559 0.922683
306.9 0.352388 0.892452
307 0.43977 0.853854
307.1 0.522901 0.807537
307.2 0.601044 0.754227
307.3 0.673539 0.694698
307.4 0.739803 0.629738
307.5 0.799331 0.560124
307.6 0.851697 0.486602
307.7 0.896545 0.409869
307.8 0.933586 0.330573
307.9 0.962594 0.249306
308 0.983399 0.166612
308.1 0.995885 0.082991
308.2 0.999983 -0.00108214
308.3 0.995669 -0.0851494
308.4 0.982968 -0.168752
308.5 0.96195 -0.251417
308.6 0.932733 -0.33264
308.7 0.895488 -0.411878
308.8 0.850443 -0.488536
308.9 0.797888 -0.561967
309 0.738181 -0.631471
309.1 0.67175 -0.696301
309.2 0.599102 -0.755679
309.3 0.520822 -0.808819
309.4 0.437572 -0.854946
309.5 0.350091 -0.893336
309.6 0.259185 -0.923345
309.7 0.165719 -0.94444
309.8 0.0706072 -0.956234
309.9 -0.0252095 -0.958505
310 -0.120775 -0.951209
310.1 -0.215137 -0.934485
310.2 -0.307367 -0.908644
310.3 -0.396577 -0.874153
310.4 -0.481929 -0.831608
310.5 -0.562653 -0.781699
310.6 -0.638048 -0.72518
310.7 -0.707495 -0.662836
310.8 -0.770448 -0.595453
310.9 -0.826443 -0.523794
311 -0.875088 -0.448581
311.1 -0.916063 -0.370489
311.2 -0.949111 -0.290137
311.3 -0.974034 -0.208091
311.4 -0.99069 -0.124872
311.5 -0.998985 -0.0409672
311.6 -0.998876 0.0431599
311.7 -0.990361 0.127053
311.8 -0.973488 0.210247
311.9 -0.948351 0.292256
312 -0.915094 0.372557
312.1 -0.873916 0.450582
312.2 -0.825074 0.52571
312.3 -0.768893 0.597268
312.4 -0.705764 0.664529
312.5 -0.636156 0.726731
312.6 -0.560613 0.783087
312.7 -0.479759 0.832814
312.8 -0.394296 0.875158
312.9 -0.304997 0.90943
313 -0.212699 0.935038
313.1 -0.118294 0.95152
313.2 -0.0227102 0.958567
313.3 0.0731003 0.956047
313.4 0.168181 0.944007
313.5 0.261591 0.922673
313.6 0.352419 0.892439
313.7 0.4398 0.853838
313.8 0.522929 0.807519
313.9 0.601071 0.754207
314 0.673563 0.694676
