0 1.89376e+08
0.1 152644
0.2 122351
0.3 20826.2
0.4 13734.5
0.5 1689.02
0.6 6343.99
0.7 1133.07
0.8 2400.38
0.9 1084.31
1 234.952
1.1 110.027
1.2 622.476
1.3 3.10875
1.4 129.17
1.5 46.8413
1.6 142.74
1.7 159.967
1.8 100.689
1.9 95.7359
2 48.1942
2.1 15.974
2.2 48.3967
2.3 34.3908
2.4 28.2322
2.5 37.0515
2.6 35.9255
2.7 37.4226
2.8 29.6472
2.9 29.1289
3 24.9888
3.1 24.6098
3.2 26.2024
3.3 22.2959
3.4 19.2562
3.5 18.3558
3.6 16.0742
3.7 16.4055
3.8 15.4922
3.9 13.9735
4 14.1519
4.1 13.2096
4.2 12.2239
4.3 12.2583
4.4 11.522
4.5 11.0755
4.6 10.2949
4.7 10.1412
4.8 9.60499
4.9 9.16442
5 8.8892
5.1 8.63778
5.2 8.25518
5.3 7.99043
5.4 7.70032
5.5 7.54242
5.6 7.24631
5.7 7.01047
5.8 6.84152
5.9 6.64439
6 6.44857
6.1 6.28994
6.2 6.13098
6.3 5.98072
6.4 5.82795
6.5 5.69762
6.6 5.57844
6.7 5.45001
6.8 5.33954
6.9 5.23969
7 5.14913
7.1 5.05531
7.2 4.97069
7.3 4.89308
7.4 4.81799
7.5 4.74498
7.6 4.68283
7.7 4.62258
7.8 4.56559
7.9 4.51067
8 4.46061
8.1 4.41394
8.2 4.37039
8.3 4.32966
8.4 4.29234
8.5 4.25702
8.6 4.22372
8.7 4.19271
8.8 4.16403
8.9 4.13706
9 4.11173
9.1 4.08816
9.2 4.06609
9.3 4.04518
9.4 4.02544
9.5 4.007
9.6 3.98948
9.7 3.97297
9.8 3.9572
9.9 3.94221
10 3.92775
10.1 3.91376
10.2 3.90017
10.3 3.887
10.4 3.87406
10.5 3.86131
10.6 3.84862
10.7 3.83597
10.8 3.82325
10.9 3.81043
11 3.79744
11.1 3.78421
11.2 3.77068
11.3 3.75679
11.4 3.74249
11.5 3.72774
11.6 3.71247
11.7 3.69664
11.8 3.68022
11.9 3.66315
12 3.6454
12.1 3.62693
12.2 3.60771
12.3 3.58771
12.4 3.56689
12.5 3.54523
12.6 3.52272
12.7 3.49931
12.8 3.475
12.9 3.44977
13 3.4236
13.1 3.39648
13.2 3.3684
13.3 3.33935
13.4 3.30932
13.5 3.27832
13.6 3.24634
13.7 3.21337
13.8 3.17943
13.9 3.14453
14 3.10865
14.1 3.07183
14.2 3.03406
14.3 2.99536
14.4 2.95575
14.5 2.91525
14.6 2.87387
14.7 2.83164
14.8 2.78858
14.9 2.74472
15 2.70007
15.1 2.65468
15.2 2.60858
15.3 2.56179
15.4 2.51435
15.5 2.46629
15.6 2.41766
15.7 2.36849
15.8 2.31883
15.9 2.2687
16 2.21817
16.1 2.16727
16.2 2.11604
16.3 2.06454
16.4 2.01281
16.5 1.9609
16.6 1.90886
16.7 1.85674
16.8 1.80459
16.9 1.75247
17 1.70043
17.1 1.64852
17.2 1.59679
17.3 1.54531
17.4 1.49412
17.5 1.44329
17.6 1.39286
17.7 1.34289
17.8 1.29344
17.9 1.24457
18 1.19633
18.1 1.14878
18.2 1.10197
18.3 1.05597
18.4 1.01081
18.5 0.966573
18.6 0.923297
18.7 0.88104
18.8 0.839857
18.9 0.799801
19 0.760924
19.1 0.723278
19.2 0.686913
19.3 0.65188
19.4 0.618228
19.5 0.586005
19.6 0.555259
19.7 0.526036
19.8 0.498379
19.9 0.472335
20 0.447944
20.1 0.425249
20.2 0.404288
20.3 0.385102
20.4 0.36773
20.5 0.352202
20.6 0.338555
20.7 0.326827
20.8 0.317044
20.9 0.309234
21 0.303431
21.1 0.299662
21.2 0.297954
21.3 0.298316
21.4 0.30079
21.5 0.305388
21.6 0.312126
21.7 0.321027
21.8 0.332119
21.9 0.345392
22 0.360887
22.1 0.378559
22.2 0.398498
22.3 0.420655
22.4 0.445069
22.5 0.471739
22.6 0.500654
22.7 0.531785
22.8 0.565247
22.9 0.600894
23 0.638911
23.1 0.679112
23.2 0.721663
23.3 0.766363
23.4 0.813354
23.5 0.862699
23.6 0.914424
23.7 0.96808
23.8 1.02418
23.9 1.08239
24 1.14308
24.1 1.20583
24.2 1.27076
24.3 1.33863
24.4 1.40774
24.5 1.47888
24.6 1.5531
24.7 1.6308
24.8 1.70777
24.9 1.78841
25 1.872
25.1 1.961
25.2 2.04632
25.3 2.13763
25.4 2.2302
25.5 2.32588
25.6 2.42188
25.7 2.52415
25.8 2.62782
25.9 2.73605
26 2.83212
26.1 2.93281
26.2 3.05529
26.3 3.17204
26.4 3.2979
26.5 3.45316
26.6 3.57479
26.7 3.67378
26.8 3.78942
26.9 3.98505
27 4.15466
27.1 4.23361
27.2 4.40787
27.3 4.52807
27.4 4.78929
27.5 4.8249
27.6 4.90515
27.7 5.31998
27.8 5.65569
27.9 5.89944
28 6.26115
28.1 6.40594
28.2 6.61149
28.3 6.725
28.4 7.14645
28.5 7.72356
28.6 8.46603
28.7 8.10731
28.8 8.96031
28.9 8.07146
29 6.19752
29.1 8.8811
29.2 13.1919
29.3 16.5103
29.4 6.89369
29.5 20.3757
29.6 6.66287
29.7 12.9506
29.8 12.8618
29.9 17.465
30 9.56109
30.1 27.0628
30.2 13.5022
30.3 48.8999
30.4 120.716
30.5 120.904
30.6 10.6126
30.7 27.3431
30.8 259.523
30.9 1453.42
31 1108.48
31.1 338.347
31.2 359.11
31.3 48045.3
31.4 5.01479e+06
31.5 28312.5
31.6 11348.7
31.7 2154.11
31.8 2396.03
31.9 155.008
32 580.704
32.1 51.4156
32.2 21.0362
32.3 168.383
32.4 71.5719
32.5 137.554
32.6 9.92528
32.7 30.027
32.8 27.2242
32.9 11.432
33 9.77862
33.1 11.054
33.2 25.0208
33.3 3.62466
33.4 6.63575
33.5 6.34853
33.6 6.6504
33.7 5.69345
33.8 9.81581
33.9 5.81172
34 7.10948
34.1 6.12941
34.2 7.02195
34.3 6.67217
34.4 5.73579
34.5 5.63004
34.6 5.55741
34.7 5.48945
34.8 5.22528
34.9 5.03863
35 4.98433
35.1 4.69252
35.2 4.47216
35.3 4.58234
35.4 4.24936
35.5 4.17577
35.6 4.01996
35.7 3.89541
35.8 3.89514
35.9 3.77921
36 3.69045
36.1 3.57454
36.2 3.42102
36.3 3.33475
36.4 3.24822
36.5 3.14771
36.6 3.05925
36.7 2.96227
36.8 2.89187
36.9 2.79635
37 2.71034
37.1 2.63008
37.2 2.54369
37.3 2.46953
37.4 2.38892
37.5 2.30892
37.6 2.23304
37.7 2.15105
37.8 2.07654
37.9 2.00296
38 1.92932
38.1 1.85882
38.2 1.78838
38.3 1.71875
38.4 1.65047
38.5 1.58344
38.6 1.51956
38.7 1.45584
38.8 1.39325
38.9 1.33224
39 1.27253
39.1 1.21459
39.2 1.15756
39.3 1.10258
39.4 1.04922
39.5 0.997186
39.6 0.946806
39.7 0.898192
39.8 0.851054
39.9 0.805715
40 0.762048
40.1 0.720277
40.2 0.680197
40.3 0.641897
40.4 0.605444
40.5 0.570877
40.6 0.538139
40.7 0.507341
40.8 0.47848
40.9 0.451587
41 0.426627
41.1 0.403665
41.2 0.382734
41.3 0.363823
41.4 0.34695
41.5 0.33214
41.6 0.319395
41.7 0.308728
41.8 0.300147
41.9 0.293663
42 0.289282
42.1 0.287003
42.2 0.286833
42.3 0.288771
42.4 0.292816
42.5 0.298965
42.6 0.307213
42.7 0.317553
42.8 0.329978
42.9 0.344474
43 0.361033
43.1 0.379636
43.2 0.400269
43.3 0.422914
43.4 0.447549
43.5 0.474152
43.6 0.5027
43.7 0.533165
43.8 0.56552
43.9 0.599734
44 0.635776
44.1 0.67361
44.2 0.713201
44.3 0.754512
44.4 0.797502
44.5 0.842129
44.6 0.888351
44.7 0.936121
44.8 0.985393
44.9 1.03612
45 1.08824
45.1 1.14172
45.2 1.19649
45.3 1.2525
45.4 1.3097
45.5 1.36802
45.6 1.42741
45.7 1.4878
45.8 1.54913
45.9 1.61133
46 1.67435
46.1 1.73811
46.2 1.80256
46.3 1.86761
46.4 1.9332
46.5 1.99925
46.6 2.06571
46.7 2.1325
46.8 2.19953
46.9 2.26675
47 2.33408
47.1 2.40144
47.2 2.46876
47.3 2.53596
47.4 2.60298
47.5 2.66972
47.6 2.73614
47.7 2.80213
47.8 2.86764
47.9 2.93259
48 2.99691
48.1 3.06052
48.2 3.12335
48.3 3.18533
48.4 3.24639
48.5 3.30646
48.6 3.36547
48.7 3.42336
48.8 3.48006
48.9 3.5355
49 3.58963
49.1 3.64238
49.2 3.69369
49.3 3.74351
49.4 3.79178
49.5 3.83845
49.6 3.88347
49.7 3.92678
49.8 3.96835
49.9 4.00813
50 4.04608
50.1 4.08216
50.2 4.11634
50.3 4.14859
50.4 4.17887
50.5 4.20717
50.6 4.23347
50.7 4.25773
50.8 4.27996
50.9 4.30014
51 4.31826
51.1 4.33432
51.2 4.34833
51.3 4.3603
51.4 4.37023
51.5 4.37813
51.6 4.38403
51.7 4.38799
51.8 4.38997
51.9 4.39003
52 4.38828
52.1 4.38468
52.2 4.37931
52.3 4.3722
52.4 4.3635
52.5 4.35324
52.6 4.34139
52.7 4.32815
52.8 4.31371
52.9 4.2979
53 4.28095
53.1 4.26299
53.2 4.24438
53.3 4.22486
53.4 4.20451
53.5 4.18393
53.6 4.16295
53.7 4.14168
53.8 4.12051
53.9 4.09954
54 4.07912
54.1 4.05886
54.2 4.03881
54.3 4.02109
54.4 4.00366
54.5 3.98778
54.6 3.97374
54.7 3.9628
54.8 3.9531
54.9 3.94549
55 3.94085
55.1 3.94236
55.2 3.94353
55.3 3.95137
55.4 3.96243
55.5 3.98084
55.6 4.00137
55.7 4.02382
55.8 4.05481
55.9 4.09787
56 4.1436
56.1 4.20409
56.2 4.268
56.3 4.33648
56.4 4.4245
56.5 4.5019
56.6 4.6254
56.7 4.74523
56.8 4.88347
56.9 5.01557
57 5.16811
57.1 5.33933
57.2 5.54111
57.3 5.70925
57.4 6.02279
57.5 6.25214
57.6 6.53767
57.7 6.78333
57.8 7.14773
57.9 7.5189
58 7.86583
58.1 8.10028
58.2 9.17304
58.3 9.60657
58.4 10.007
58.5 10.0816
58.6 11.4003
58.7 12.2186
58.8 12.2965
58.9 13.7545
59 15.525
59.1 15.1838
59.2 16.0546
59.3 17.2655
59.4 19.7679
59.5 22.2184
59.6 22.0188
59.7 27.1614
59.8 28.5725
59.9 28.5681
60 29.6367
60.1 54.816
60.2 44.2784
60.3 38.2248
60.4 39.5107
60.5 92.2826
60.6 52.0103
60.7 32.6596
60.8 52.7732
60.9 165.834
61 219.663
61.1 136.684
61.2 155.095
61.3 336.783
61.4 158.015
61.5 183.646
61.6 398.495
61.7 220.773
61.8 69.296
61.9 1204.32
62 442.279
62.1 919.72
62.2 4334.57
62.3 12951.2
62.4 30055.4
62.5 12323.1
62.6 7190.67
62.7 314814
62.8 1.11189e+07
62.9 315565
63 18725.4
63.1 19571.8
63.2 696.102
63.3 1624.43
63.4 2998.14
63.5 352.16
63.6 1011
63.7 333.705
63.8 277.669
63.9 119.215
64 449.561
64.1 311.071
64.2 50.0015
64.3 170.598
64.4 106.2