0 0.946842
0.1 0.962403
0.2 1.01223
0.3 1.10731
0.4 1.27271
0.5 1.56578
0.6 2.13595
0.7 3.48371
0.8 8.34515
0.9 88.9186
1 26.3066
1.1 3.12307
1.2 0.982936
1.3 0.438911
1.4 0.242534
1.5 0.158071
1.6 0.118037
1.7 0.0980769
1.8 0.0879903
1.9 0.0830448
2 0.0808789
2.1 0.0802555
2.2 0.0805132
2.3 0.0813145
2.4 0.0825424
2.5 0.0843216
2.6 0.0873441
2.7 0.0953493
2.8 0.3236
2.9 0.0657447
3 0.0728696
3.1 0.0752656
3.2 0.0763131
3.3 0.0767485
3.4 0.0768264
3.5 0.0766607
3.6 0.0763119
3.7 0.0758165
3.8 0.0751985
3.9 0.0744753
4 0.0736599
4.1 0.0727624
4.2 0.0717908
4.3 0.0707504
4.4 0.0696429
4.5 0.0684582
4.6 0.0671147
4.7 0.0687168
4.8 0.0651916
4.9 0.0637834
5 0.062422
5.1 0.0610557
5.2 0.059676
5.3 0.0582818
5.4 0.0568743
5.5 0.0554554
5.6 0.0540273
5.7 0.0525921
5.8 0.0511521
5.9 0.0497095
6 0.0482663
6.1 0.0468247
6.2 0.0453865
6.3 0.0439537
6.4 0.0425281
6.5 0.0411121
6.6 0.0397012
6.7 0.0383089
6.8 0.0369284
6.9 0.0355628
7 0.0342135
7.1 0.0328818
7.2 0.0315691
7.3 0.0302764
7.4 0.029005
7.5 0.0277558
7.6 0.0265299
7.7 0.0253281
7.8 0.0241513
7.9 0.0230004
8 0.021876
8.1 0.0207789
8.2 0.0197097
8.3 0.018669
8.4 0.0176572
8.5 0.0166748
8.6 0.0157223
8.7 0.0148
8.8 0.0139081
8.9 0.0130471
9 0.0122169
9.1 0.0114178
9.2 0.0106499
9.3 0.00991324
9.4 0.00920779
9.5 0.00853353
9.6 0.00789036
9.7 0.00727814
9.8 0.0066967
9.9 0.00614581
10 0.00562522
10.1 0.00513463
10.2 0.0046737
10.3 0.00424204
10.4 0.00383926
10.5 0.0034649
10.6 0.00311848
10.7 0.0027995
10.8 0.00250741
10.9 0.00224165
11 0.00200161
11.1 0.00178668
11.2 0.00159621
11.3 0.00142953
11.4 0.00128595
11.5 0.00116476
11.6 0.00106524
11.7 0.000986624
11.8 0.000928168
11.9 0.000889095
12 0.000868618
12.1 0.000865942
12.2 0.000880262
12.3 0.000910764
12.4 0.00095663
12.5 0.00101704
12.6 0.00109116
12.7 0.00117817
12.8 0.00127724
12.9 0.00138755
13 0.00150826
13.1 0.00163857
13.2 0.00177765
13.3 0.0019247
13.4 0.00207892
13.5 0.00223953
13.6 0.00240574
13.7 0.00257678
13.8 0.0027519
13.9 0.00293036
14 0.00311143
14.1 0.00329441
14.2 0.00347859
14.3 0.00366332
14.4 0.00384792
14.5 0.00403176
14.6 0.00421424
14.7 0.00439475
14.8 0.00457271
14.9 0.00474759
15 0.00491885
15.1 0.005086
15.2 0.00524854
15.3 0.00540604
15.4 0.00555805
15.5 0.00570417
15.6 0.00584404
15.7 0.00597729
15.8 0.0061036
15.9 0.00622267
16 0.00633424
16.1 0.00643804
16.2 0.00653387
16.3 0.00662154
16.4 0.00670086
16.5 0.00677172
16.6 0.00683399
16.7 0.00688759
16.8 0.00693245
16.9 0.00696854
17 0.00699584
17.1 0.00701438
17.2 0.0070242
17.3 0.00702534
17.4 0.00701791
17.5 0.00700201
17.6 0.00697776
17.7 0.00694533
17.8 0.00690489
17.9 0.00685664
18 0.00680078
18.1 0.00673756
18.2 0.00666723
18.3 0.00659007
18.4 0.00650635
18.5 0.00641638
18.6 0.00632049
18.7 0.00621902
18.8 0.0061123
18.9 0.00600071
19 0.00588463
19.1 0.00576443
19.2 0.00564052
19.3 0.00551331
19.4 0.00538322
19.5 0.00525067
19.6 0.00511609
19.7 0.00497994
19.8 0.00484265
19.9 0.00470468
20 0.00456648
20.1 0.00442852
20.2 0.00429126
20.3 0.00415517
20.4 0.00402071
20.5 0.00388836
20.6 0.00375858
20.7 0.00363184
20.8 0.0035086
20.9 0.00338933
21 0.0032745
21.1 0.00316457
21.2 0.00305998
21.3 0.00296119
21.4 0.00286865
21.5 0.0027828
21.6 0.00270409
21.7 0.00263293
21.8 0.00256975
21.9 0.00251498
22 0.00246902
22.1 0.00243228
22.2 0.00240516
22.3 0.00238805
22.4 0.00238133
22.5 0.00238538
22.6 0.00240056
22.7 0.00242724
22.8 0.00246576
22.9 0.00251648
23 0.00257973
23.1 0.00265585
23.2 0.00274517
23.3 0.00284799
23.4 0.00296464
23.5 0.00309542
23.6 0.00324064
23.7 0.00340059
23.8 0.00357559
23.9 0.00376591
24 0.00397185
24.1 0.00419371
24.2 0.00443177
24.3 0.00468634
24.4 0.00495771
24.5 0.00524617
24.6 0.00555204
24.7 0.0058756
24.8 0.00621696
24.9 0.00657806
25 0.00695654
25.1 0.00735444
25.2 0.0077719
25.3 0.0082093
25.4 0.0086671
25.5 0.00914576
25.6 0.00964579
25.7 0.0101678
25.8 0.0107123
25.9 0.01128
26 0.0118717
26.1 0.0124881
26.2 0.0131303
26.3 0.0137994
26.4 0.014497
26.5 0.0152256
26.6 0.0159926
26.7 0.0168959
26.8 0.0175052
26.9 0.0183883
27 0.0192841
27.1 0.0202137
27.2 0.0211825
27.3 0.022194
27.4 0.0232517
27.5 0.0243592
27.6 0.0255205
27.7 0.0267401
27.8 0.0280231
27.9 0.029375
28 0.030802
28.1 0.0323106
28.2 0.0339068
28.3 0.0355928
28.4 0.0373553
28.5 0.0390843
28.6 0.0968697
28.7 0.0448934
28.8 0.047091
28.9 0.0498094
29 0.0529026
29.1 0.0564026
29.2 0.0603896
29.3 0.0649847
29.4 0.0703626
29.5 0.0767796
29.6 0.0846255
29.7 0.0945202
29.8 0.107512
29.9 0.125512
30 0.152388
30.1 0.197151
30.2 0.28584
30.3 0.527298
30.4 1.99916
30.5 18.2448
30.6 0.439941
30.7 0.120938
30.8 0.0714358
30.9 0.064288
31 0.069235
31.1 0.0795117
31.2 0.0935137
31.3 0.111358
31.4 0.134137
31.5 0.163971
31.6 0.204589
31.7 0.262744
31.8 0.351625
31.9 0.49997
32 0.781128
32.1 1.43426
32.2 3.67306
32.3 28.1376
32.4 35.2994
32.5 3.27491
32.6 1.06595
32.7 0.49525
32.8 0.272684
32.9 0.165746
33 0.107443
33.1 0.0728679
33.2 0.0511153
33.3 0.0368311
33.4 0.0271535
33.5 0.0204496
33.6 0.0157396
33.7 0.012413
33.8 0.0100831
33.9 0.00851583
34 0.00762744
34.1 0.00773392
34.2 0.0175493
34.3 0.00167167
34.4 0.0029662
34.5 0.00332527
34.6 0.0035295
34.7 0.0037087
34.8 0.00389433
34.9 0.0040933
35 0.0043051
35.1 0.0045269
35.2 0.00475534
35.3 0.0049872
35.4 0.00521961
35.5 0.00545007
35.6 0.00567645
35.7 0.00589689
35.8 0.00610965
35.9 0.00631263
36 0.0065003
36.1 0.00629723
36.2 0.00690524
36.3 0.00706018
36.4 0.00721131
36.5 0.00735273
36.6 0.00748317
36.7 0.00760217
36.8 0.00770953
36.9 0.00780518
37 0.00788911
37.1 0.0079614
37.2 0.00802212
37.3 0.00807142
37.4 0.00810946
37.5 0.00813642
37.6 0.00815251
37.7 0.00815795
37.8 0.008153
37.9 0.00813791
38 0.00811287
38.1 0.00807838
38.2 0.00803455
38.3 0.00798176
38.4 0.00792031
38.5 0.00785054
38.6 0.00777278
38.7 0.0076874
38.8 0.00759474
38.9 0.00749518
39 0.00738908
39.1 0.00727682
39.2 0.00715879
39.3 0.00703539
39.4 0.00690701
39.5 0.00677407
39.6 0.00663696
39.7 0.0064961
39.8 0.00635191
39.9 0.00620483
40 0.00605526
40.1 0.00590364
40.2 0.0057504
40.3 0.00559599
40.4 0.00544082
40.5 0.00528534
40.6 0.00512999
40.7 0.00497521
40.8 0.00482142
40.9 0.00466908
41 0.0045186
41.1 0.00437042
41.2 0.00422498
41.3 0.00408269
41.4 0.00394398
41.5 0.00380927
41.6 0.00367896
41.7 0.00355346
41.8 0.00343317
41.9 0.00331848
42 0.00320977
42.1 0.00310742
42.2 0.0030118
42.3 0.00292325
42.4 0.00284212
42.5 0.00276874
42.6 0.00270344
42.7 0.00264652
42.8 0.00259827
42.9 0.00255899
43 0.00252893
43.1 0.00250834
43.2 0.00249746
43.3 0.0024965
43.4 0.00250568
43.5 0.00252516
43.6 0.00255512
43.7 0.00259571
43.8 0.00264705
43.9 0.00270925
44 0.00278239
44.1 0.00286655
44.2 0.00296177
44.3 0.00306808
44.4 0.00318547
44.5 0.00331394
44.6 0.00345344
44.7 0.00360391
44.8 0.00376526
44.9 0.00393738
45 0.00412015
45.1 0.0043134
45.2 0.00451697
45.3 0.00473064
45.4 0.00495421
45.5 0.00518741
45.6 0.00542999
45.7 0.00568165
45.8 0.00594207
45.9 0.00621092
46 0.00648785
46.1 0.00677246
46.2 0.00706437
46.3 0.00736315
46.4 0.00766835
46.5 0.00797953
46.6 0.00829619
46.7 0.00861783
46.8 0.00894395
46.9 0.00927401
47 0.00960746
47.1 0.00994373
47.2 0.0102822
47.3 0.0106224
47.4 0.0109636
47.5 0.0113053
47.6 0.0116467
47.7 0.0119873
47.8 0.0123265
47.9 0.0126635
48 0.0129977
48.1 0.0133284
48.2 0.013655
48.3 0.0139768
48.4 0.0142932
48.5 0.0146034
48.6 0.0149069
48.7 0.0152029
48.8 0.0154907
48.9 0.0157698
49 0.0160395
49.1 0.0162991
49.2 0.0165481
49.3 0.0167858
49.4 0.0170116
49.5 0.017225
49.6 0.0174253
49.7 0.0176122
49.8 0.0177849
49.9 0.0179431
50 0.0180863
50.1 0.018214
50.2 0.0183258
50.3 0.0184213
50.4 0.0185002
50.5 0.0185621
50.6 0.0186069
50.7 0.0186341
50.8 0.0186437
50.9 0.0186355
51 0.0186093
51.1 0.018565
51.2 0.0185027
51.3 0.0184224
51.4 0.0183241
51.5 0.0182079
51.6 0.018074
51.7 0.0179228
51.8 0.0177543
51.9 0.0175691
52 0.0173675
52.1 0.01715
52.2 0.0169172
52.3 0.0166696
52.4 0.0164079
52.5 0.016133
52.6 0.0158455
52.7 0.0155465
52.8 0.0152369
52.9 0.0149178
53 0.0145904
53.1 0.0142558
53.2 0.0139154
53.3 0.0135706
53.4 0.0132229
53.5 0.0128739
53.6 0.0125254
53.7 0.0121792
53.8 0.0118371
53.9 0.0115013
54 0.0111738
54.1 0.010857
54.2 0.0105531
54.3 0.0102649
54.4 0.00999465
54.5 0.00974581
54.6 0.00952078
54.7 0.00932284
54.8 0.00915526
54.9 0.0090215
55 0.00892519
55.1 0.00887015
55.2 0.00886042
55.3 0.00890024
55.4 0.00899409
55.5 0.00914671
55.6 0.00936309
55.7 0.00964851
55.8 0.0100085
55.9 0.0104491
56 0.0109765
56.1 0.0115972
56.2 0.0123176
56.3 0.0131531
56.4 0.0140961
56.5 0.0151664
56.6 0.016371
56.7 0.0177195
56.8 0.0192225
56.9 0.0208915
57 0.0227387
57.1 0.0247775
57.2 0.0270223
57.3 0.0294889
57.4 0.0321943
57.5 0.0351575
57.6 0.0383989
57.7 0.0419414
57.8 0.0458107
57.9 0.0500365
58 0.0546582
58.1 0.0598048
58.2 0.0649419
58.3 0.0709953
58.4 0.0775215
58.5 0.0846325
58.6 0.0923962
58.7 0.100884
58.8 0.110174
58.9 0.120358
59 0.13154
59.1 0.14384
59.2 0.157401
59.3 0.172385
59.4 0.188987
59.5 0.207433
59.6 0.22799
59.7 0.250961
59.8 0.276649
59.9 0.305083
60 0.329331
60.1 0.38401
60.2 0.426205
60.3 0.477432
60.4 0.538143
60.5 0.610551
60.6 0.697929
60.7 0.804959
60.8 0.938453
60.9 1.10863
61 1.33145
61.1 1.63299
61.2 2.05858
61.3 2.69302
61.4 3.71164
61.5 5.52995
61.6 9.35407
61.7 20.099
61.8 79.5194
61.9 18413.8
62 53.1511
62.1 12.8745
62.2 5.3498
62.3 2.81837
62.4 1.72917
62.5 1.20806
62.6 0.962808
62.7 0.879349
62.8 0.913419
62.9 1.05677
63 1.32939
63.1 1.78763
63.2 2.55507
63.3 3.91079
63.4 6.56969
63.5 12.8143
63.6 33.467
63.7 204.334
63.8 1101.75
63.9 60.9056
64 19.7969
64.1 9.73012
64.2 5.7734
64.3 3.81404
64.4 2.69968
64.5 2.0045
64.6 1.54118
64.7 1.21673
64.8 0.980637
64.9 0.803554
65 0.667448
65.1 0.560763
65.2 0.475851
65.3 0.40759
65.4 0.352767
65.5 0.310838
65.6 0.304825
65.7 0.199239
65.8 0.186368
65.9 0.166052
66 0.147001
66.1 0.130042
66.2 0.11513
66.3 0.102061
66.4 0.090615
66.5 0.0805864
66.6 0.0717946
66.7 0.064083
66.8 0.057317
66.9 0.0513809
67 0.0461747
67.1 0.0416124
67.2 0.0376194
67.3 0.0341309
67.4 0.0310907
67.5 0.0284598
67.6 0.0261518
67.7 0.024181
67.8 0.0224907
67.9 0.0210518
68 0.0198377
68.1 0.0188246
68.2 0.017991
68.3 0.0173176
68.4 0.0167872
68.5 0.0163841
68.6 0.0160942
68.7 0.0159049
68.8 0.0158044
68.9 0.0157823
69 0.015829
69.1 0.0159358
69.2 0.0160948
69.3 0.0162988
69.4 0.0165334
69.5 0.0168146
69.6 0.0171156
69.7 0.017438
69.8 0.0177773
69.9 0.0181293
70 0.0184899
70.1 0.0188557
70.2 0.0192234
70.3 0.01959
70.4 0.0199529
70.5 0.0203094
70.6 0.0206575
70.7 0.020995
70.8 0.0213201
70.9 0.0216312
71 0.0219268
71.1 0.0222055
71.2 0.0224662
71.3 0.022708
71.4 0.0229297
71.5 0.0231308
71.6 0.0233105
71.7 0.0234683
71.8 0.0236037
71.9 0.0237166
72 0.0238064
72.1 0.0238733
72.2 0.0239169
72.3 0.0239375
72.4 0.0239349
72.5 0.0239094
72.6 0.0238612
72.7 0.0237905
72.8 0.0236977
72.9 0.0235832
73 0.0234473
73.1 0.0232905
73.2 0.0231134
73.3 0.0229166
73.4 0.0227005
73.5 0.0224659
73.6 0.0222133
73.7 0.0219436
73.8 0.0216573
73.9 0.0213552
74 0.0210381
74.1 0.0207068
74.2 0.0203619
74.3 0.0200044
74.4 0.0196351
74.5 0.0192546
74.6 0.018864
74.7 0.018464
74.8 0.0180555
74.9 0.0176392
75 0.017216
75.1 0.0167868
75.2 0.0163523
75.3 0.0159135
75.4 0.015471
75.5 0.0150258
75.6 0.0145785
75.7 0.0141301
75.8 0.0136812
75.9 0.0132325
76 0.0127849
76.1 0.0123391
76.2 0.0118957
76.3 0.0114554
76.4 0.011019
76.5 0.0105869
76.6 0.01016
76.7 0.00973863
76.8 0.00932352
76.9 0.00891517
77 0.00851412
77.1 0.00812085
77.2 0.00773585
77.3 0.00735955
77.4 0.00699239
77.5 0.00663475
77.6 0.00628699
77.7 0.00594947
77.8 0.00562249
77.9 0.00530633
78 0.00500126
78.1 0.00470751
78.2 0.00442528
78.3 0.00415474
78.4 0.00389605
78.5 0.00364932
78.6 0.00341467
78.7 0.00319215
78.8 0.00298181
78.9 0.00278367
79 0.00259773
79.1 0.00242396
79.2 0.0022623
79.3 0.00211268
79.4 0.001975
79.5 0.00184914
79.6 0.00173496
79.7 0.00163228
79.8 0.00154094
79.9 0.00146073
80 0.00139142
80.1 0.00133279
80.2 0.00128456
80.3 0.00124648
80.4 0.00121825
80.5 0.00119958
80.6 0.00119014
80.7 0.00118962
80.8 0.00119767
80.9 0.00121393
81 0.00123806
81.1 0.00126968
81.2 0.0013084
81.3 0.00135386
81.4 0.00140564
81.5 0.00146336
81.6 0.00152661
81.7 0.00159499
81.8 0.00166807
81.9 0.00174546
82 0.00182673
82.1 0.00191148
82.2 0.00199928
82.3 0.00208972
82.4 0.0021824
82.5 0.0022769
82.6 0.00237281
82.7 0.00246974
82.8 0.00256729
82.9 0.00266506
83 0.00276266
83.1 0.00285973
83.2 0.00295589
83.3 0.00305077
83.4 0.00314403
83.5 0.0032353
83.6 0.00332427
83.7 0.0034106
83.8 0.00349397
83.9 0.0035741
84 0.00365067
84.1 0.00372342
84.2 0.00379207
84.3 0.00385638
84.4 0.00391609
84.5 0.003971
84.6 0.00402087
84.7 0.00406552
84.8 0.00410476
84.9 0.00413842
85 0.00416635
85.1 0.00418841
85.2 0.00420448
85.3 0.00421447
85.4 0.00421827
85.5 0.00421582
85.6 0.00420707
85.7 0.00419197
85.8 0.00417055
85.9 0.0041427
86 0.00410855
86.1 0.0040681
86.2 0.00402141
86.3 0.00396855
86.4 0.00390962
86.5 0.00384475
86.6 0.00377408
86.7 0.00369776
86.8 0.00361599
86.9 0.00352899
87 0.00343699
87.1 0.00334025
87.2 0.00323909
87.3 0.00313381
87.4 0.00302478
87.5 0.0029124
87.6 0.00279709
87.7 0.00267926
87.8 0.00255959
87.9 0.0024385
88 0.00231664
88.1 0.00219469
88.2 0.00207337
88.3 0.00195348
88.4 0.00183591
88.5 0.00172162
88.6 0.00161166
88.7 0.00150721
88.8 0.00140956
88.9 0.00132012
89 0.00124049
89.1 0.00117242
89.2 0.00111788
89.3 0.00107909
89.4 0.00105856
89.5 0.00105945
89.6 0.00108158
89.7 0.00113459
89.8 0.00121855
89.9 0.00133878
90 0.00150067
90.1 0.00171038
90.2 0.00197501
90.3 0.00230283
90.4 0.00270346
90.5 0.00318818
90.6 0.00377023
90.7 0.00446518
90.8 0.00529125
90.9 0.00626959
91 0.00742391
91.1 0.00877799
91.2 0.0103444
91.3 0.0120643
91.4 0.0134502
91.5 0.0205873
91.6 0.0226049
91.7 0.0266058
91.8 0.0317825
91.9 0.0383054
92 0.0465503
92.1 0.0570895
92.2 0.0707785
92.3 0.0889224
92.4 0.113586
92.5 0.148188
92.6 0.198719
92.7 0.276471
92.8 0.404835
92.9 0.638989
93 1.1363
93.1 2.50859
93.2 9.23082
93.3 1126.29
93.4 13.8991
93.5 3.11692
93.6 1.33336
93.7 0.733286
93.8 0.461831
93.9 0.317396
94 0.232772
94.1 0.180618
94.2 0.148477
94.3 0.13058
94.4 0.124937
94.5 0.132656
94.6 0.159039
94.7 0.217869
94.8 0.345512
94.9 0.656305
95 1.65958
95.1 8.43522
95.2 322.001
95.3 5.55035
95.4 1.70785
95.5 0.854106
95.6 0.525847
95.7 0.36301
95.8 0.269208
95.9 0.209568
96 0.168897
96.1 0.139673
96.2 0.117808
96.3 0.100917
96.4 0.0875225
96.5 0.0766709
96.6 0.0677197
96.7 0.0602224
96.8 0.05386
96.9 0.048398
97 0.043662
97.1 0.0397199
97.2 0.03595
97.3 0.0327134
97.4 0.0298363
97.5 0.0272609
97.6 0.0249441
97.7 0.0228512
97.8 0.0209538
97.9 0.0192282
98 0.0176543
98.1 0.0162153
98.2 0.0148969
98.3 0.0136868
98.4 0.0125742
98.5 0.01155
98.6 0.0106058
98.7 0.00973435
98.8 0.00892755
98.9 0.00815872
99 0.0075363
99.1 0.0068916
99.2 0.0063062
99.3 0.00576797
99.4 0.00527261
99.5 0.00481695
99.6 0.00439829
99.7 0.00401421
99.8 0.00366256
99.9 0.00334135
